-0.7397482106674769  
1.1234641790874047  
-0.5431938807313426  
-0.4638215677152475  
0.5680574702366759  
-0.11921823114700913  
0.3770102394891932  
0.4934391726471352  
0.8221147184748876  
-0.9595553873631477  
1.6187594536014078  
1.6325197968821437  
-1.4700630180094816  
0.6881460300584203  
-0.49127656986108725  
-0.6043971895000579  
1.2913566548401274  
0.4455982910402234  
1.1761006842324333  
0.7228813497991613  
-0.23410895507478902  
0.7352739627949383  
-0.5493472709952556  
-1.837338243023714  
0.6548814484168668  
-0.5079704130819342  
-1.0806961822879249  
-2.1371646416628076  
-0.527455199439057  
1.4365722586242704  
-1.5836869002897798  
1.0663325917806006  
0.481726314621171  
-0.633742643771015  
1.0001061453211033  
0.07327402158048368  
0.552180331699244  
-0.015615180763600023  
-0.3999391862938868  
0.17285756099424887  
0.2290295221992542  
-0.1770504040269758  
-0.21970360982406945  
-0.3913178291469599  
-1.3981755576450103  
-0.4764190271350843  
-0.5142140243578535  
-0.21153310509872814  
-0.8954696279913579  
0.1864203450492825  
0.9828078342221067  
1.497239861149633  
-0.4381857300671923  
1.106908304484488  
0.20444038514169804  
-1.1346755955545245  
-0.1270270765373338  
0.600589185988035  
0.24960268455858614  
1.0260030928077644  
0.3679437964966059  
-0.841462176552076  
-0.9920935049278485  
0.6779231964046115  
2.8875112652543358  
-0.8941321558292215  
-1.4058126308179757  
-0.8093196150937452  
-0.7288502967426229  
0.30027484272832883  
-1.602935056429006  
0.30163179483524605  
-1.0188632556241375  
-0.031440487717596  
0.4619856582645667  
-0.24665652846937558  
-1.2757854403624886  
1.0024788650737895  
-1.339652572050424  
-0.084408576877534  
0.432843601243305  
-1.5064376710183662  
-0.10335241403048379  
1.3291312848303845  
0.2547931249231157  
-1.599283536008178  
-1.7181285286142352  
-0.5531313194663277  
-0.013271669133605002  
0.06828904319086693  
-0.8088774225119861  
-1.5620983357142304  
-0.19023835637003828  
-1.9372642584117425  
1.1884250576819886  
0.6726779497375182  
-0.5072536315834997  
1.3257166642483567  
-1.1212235566305164  
0.5996310039956754  
0.3835305668350717  
0.3039962459841581  
-0.51137223150997  
-1.7763999845990313  
1.8885806314688907  
1.0102186372021  
0.20981475891211065  
-1.076875945776866  
1.2565717330503592  
0.8158825274397508  
0.26359389480631545  
1.5671394781172658  
0.5636110122520046  
0.6486066470360727  
-0.16213447174144235  
-0.20681305067554057  
-0.6647863059856354  
-2.2408144158772965  
-1.3622568019476278  
0.014023484234640726  
2.2544110975313973  
0.0240699943305982  
1.6593078216015655  
0.29377038800044897  
0.3258518930554608  
1.5450606506915365  
-0.9041936468887961  
-1.2982120616414  
-0.9227500994472688  
1.7486717410173078  
-1.9576813376566857  
-1.0446514284648547  
0.291458537327399  
0.1336235636620815  
-1.8909170239396342  
1.3465912895935315  
0.14824679577197575  
-1.3501524689937225  
-2.389528282492291  
0.2762593856081059  
-1.4376894362306762  
-1.8446432228658436  
-0.3167113302546163  
-1.0123291525400164  
0.2495764668726439  
0.06378234846813502  
-0.5897755724164107  
1.3079139619298603  
-1.7141373930789285  
-0.6646913668553198  
-0.6626429455160414  
-1.0670929168463044  
0.8733298017604341  
-0.4226473643199702  
0.5694714445979878  
-0.6871661740303985  
-0.015917730803343133  
-0.610615083022938  
-0.3263288123078283  
-1.0246805197042272  
-0.5243166375432056  
0.15080826974642658  
0.3850472358813901  
0.8811505563623658  
0.5705519714915726  
-0.6727165971422222  
0.045688361748824846  
0.05348985068138745  
-0.5144338375746704  
-1.104578615081981  
0.37214947018850975  
0.4604869086553949  
0.067391689049356  
0.4461154872411397  
0.6522317806180418  
-0.7349289545515161  
0.3237800855997328  
0.634419856571145  
-0.3809935660857171  
0.8684361420359306  
0.7299374413295618  
0.3447375033198119  
0.4807548683356577  
0.261193141248385  
-0.12614608650786607  
-0.5753642705771078  
-0.33973222729033825  
0.5844814312734616  
-0.010133143790673316  
2.0112847637914557  
-0.12081044089716197  
0.5403249319020178  
0.49009112977500013  
-0.09658827686567051  
0.048696202610868156  
-1.232277356021152  
-0.7516186547866095  
-0.2575672275943095  
-0.7566159616704997  
0.9785599264296456  
-0.22807794466877152  
1.400622675272885  
0.3121763218672866  
-0.8641895782146332  
1.2256138874924503  
0.27133957244957596  
0.841164360566518  
-1.5270645825662017  
0.7553135486619009  
0.04238139904613103  
1.0025284825367011  
0.6924730961112413  
0.08655285500077703  
0.9563986883878863  
0.03516039145947847  
0.06416675568110097  
-0.7470540550120166  
-0.10273815939260889  
-0.44916131431209383  
-0.5550763302546393  
-0.14317486001619972  
-0.005795258617791177  
-0.3080444168367542  
0.10312084514246145  
-0.3747757915250691  
-0.1214519333698636  
0.5370521441662106  
-0.643736124826118  
-0.602911638817929  
-0.48133508561791594  
-0.19132738488368872  
0.04803150184615035  
-1.93953446957281  
0.4447608875204834  
1.077719923742082  
-1.2999825834168401  
0.7698626461001101  
0.5001484963301541  
0.6420723091781957  
0.6943936154901875  
-0.7784154125249909  
1.147407375154435  
0.9660724371476554  
-0.6380068610323439  
1.1711068748733338  
0.8981939539917638  
-0.914611506185425  
0.7989398295855485  
-0.6085091413879447  
-1.0807212803545871  
0.1030037186902728  
-0.5017456083332652  
-0.2529389096893695  
-0.9011314242561612  
-1.4402536344466919  
1.3777707553419782  
1.3972331337932626  
2.430127579213461  
0.05683136553148582  
0.41097489967550427  
-0.5389961824759748  
-0.23913960253804945  
0.496891579921078  
0.8490936250829506  
-1.9000545583446575  
0.06576205877216612  
-0.1991863050781788  
-0.7500378626278472  
-1.37445624711461  
0.16023022734647885  
0.1483246080787648  
-0.880544725967404  
-0.12437415438130905  
-0.7585681868196676  
0.008269130733968844  
0.1298022587060741  
-1.0989968810735844  
-1.60126607326763  
-0.9039644294678713  
0.25136621404978676  
-1.42303532783004  
-0.24596257849317738  
2.0455913698980197  
0.6505799025543624  
-1.6568580184717225  
-0.09576665330027723  
-0.14830577231072883  
-0.5718654002753389  
0.15069500087349397  
-1.1109171143651384  
0.0836219231602735  
1.2017942567801523  
-0.8946837781178791  
1.5371102061059219  
0.7275635267434648  
-0.5636079445403066  
0.25201781002689927  
-1.495513850786086  
-0.5668409163691184  
0.6871429239345295  
0.816329957105534  
0.8421644240110115  
0.989185029496368  
0.8483666407206485  
0.239726120877922  
1.0772405988328035  
1.5234412470684227  
0.4870689113908204  
0.2529850909510838  
-0.6047576322084334  
-0.6806392214520711  
-0.330571992331131  
-0.7105792462411555  
-0.93831738221962  
1.2787086444740652  
0.07796635781536576  
0.0872962785889202  
-0.35704844757797627  
-1.1293459213374692  
1.5729094445082028  
-0.04398050500956785  
1.9967048963763894  
0.23389869903762062  
-0.45094542495039835  
0.8300883136145494  
-0.24882706497151919  
-0.570862306807344  
0.23667491582131905  
-1.7710531096230397  
-1.1846260987298916  
-0.8081063933417605  
-0.5450087979934084  
0.46646730618141774  
0.028371080429052675  
-0.7358178560155038  
-0.37467399943282675  
0.3438761382351787  
1.193098355606467  
-0.6885165164080425  
2.252044873054434  
0.045052580704881606  
0.786249141813264  
0.26634826807140755  
1.1851677308531787  
-0.44110367333357114  
-2.6040226388906795  
0.23508391730901934  
0.48515695959594485  
0.8931197412695386  
0.9144895188330349  
-0.2452441715868634  
1.1821662252542833  
0.5153903350475799  
0.017877580816892724  
0.4509771647162326  
-0.5765403596881633  
2.1448094412923258  
-1.1234579644824496  
-0.20906757439377532  
0.6236069240186835  
0.985438893734476  
0.2571223323319529  
-0.5581331755330945  
-1.0789837482666016  
0.11479315782884214  
-0.6534404466860098  
1.5974888734054602  
0.5999393041391343  
-0.1946693122019454  
-1.4495064804061277  
2.427173539568704  
0.4325774442190262  
-1.2111733143905354  
0.37888794178186824  
-0.39012987142756916  
-0.2728538455495748  
-0.22923950579283492  
0.8027677665342541  
-0.3219475711311839  
0.6376434643057625  
-1.116969036376723  
-0.17675738912118621  
1.1144688566967078  
-0.8595382463392447  
-0.4525732112908951  
-0.763563077359378  
1.1378195139033558  
1.1992074243374233  
-2.17527984294909  
-1.3308669196209593  
0.33358178674115546  
1.2888213592288915  
0.9903511380329295  
-1.2175447265038617  
-0.7751458248574696  
-0.22133125079009464  
-0.22986383002796007  
-0.19724587911971714  
-0.33132422713336407  
-0.4636294295655299  
0.049174310811372024  
-1.2321538622367099  
-1.1721406052462813  
-0.4023433263328373  
-0.49573825021492635  
0.6104347733611304  
-0.011682726324909076  
-0.8893569854620491  
-0.5703135945310054  
0.7350644126044994  
0.23486547173124084  
0.268821516274131  
-0.08739763164946979  
0.929735565485375  
-0.43821198602640976  
-0.23382568796532954  
-0.8205437213172946  
1.0796181309662805  
-0.4849983066372774  
0.19733874530576312  
0.031099549898804035  
0.9867924843852025  
1.0886432823387349  
0.7468064951583404  
-0.9306499739967906  
-0.8967689413503352  
-1.4322763625091612  
0.6461278296759909  
0.918044859564243  
-0.8140410792989057  
1.7608726216225774  
-1.42109707189152  
0.6500712525185968  
0.46495281369256425  
0.5598587089046418  
-1.2768078487786525  
-0.09115210846152522  
-1.2279381167268397  
0.7303410135096895  
1.0807958794953354  
-1.1548291502254342  
-0.7261795768965742  
-0.8112283059424463  
-1.228399838702356  
1.4868019427417218  
-1.114117706962329  
-0.3347379173448557  
0.6419539368692142  
1.2116933390959224  
0.4069768283700732  
-0.9390906243490864  
-0.0651471250607436  
-1.0602087267694156  
-0.24382389383660108  
0.5979326570756625  
0.03838994853765776  
0.2100462122706679  
-0.7116844590742399  
-0.8568066071526657  
-0.8338118400293792  
-0.10280722421447308  
0.7071849521324536  
0.0010793770486783316  
1.175313222637584  
2.115221128891328  
-1.5037895692582834  
1.0796052816602675  
0.2799649921413607  
-1.3165316906470022  
-0.6218062976884688  
0.2381655889117571  
-0.7703033535089947  
-0.23042860141911525  
1.008749549986276  
-1.9186951776113474  
-2.044978232084265  
1.9684722390588094  
-1.2732522243327562  
-0.01332476273899541  
3.010256614714508  
-0.44192672690363466  
-0.0539342510967602  
-2.0460220695194664  
-0.46947388229070963  
0.637183261119306  
0.5378909973649444  
0.08745319167783006  
0.7970033026762628  
0.2504654543726472  
0.21344656152438013  
1.1839281510573718  
-1.3038330530720117  
1.8005271807416259  
1.7069871333852502  
0.7974833136445811  
-1.9180541870592869  
-1.751690901944552  
0.2618464689221387  
1.1554946671014363  
-1.0635222184186253  
0.9075892627165087  
-0.7963407111675238  
-2.012372688998563  
0.700911284486021  
0.8347256352365724  
-0.9180837773202857  
-1.235919558772304  
-0.7827134466868326  
0.2860783901968462  
0.782168570857456  
-1.0998172465037088  
-1.0887415914195646  
1.2314018692343591  
0.20475528554207134  
-0.4662614057115384  
-0.4739886008220999  
0.083417822274372  
-0.5402371372524533  
-1.886315038393919  
-0.7478522694279564  
-2.325341738230745  
0.9638348637781293  
-0.06302447173709247  
-0.30985830601696307  
0.3442631108356986  
0.13413694269757404  
0.02293689799762344  
0.1386270985988105  
1.037979577985773  
1.017537679510256  
-0.004249077557926029  
0.383242173053965  
0.9468441029391128  
0.2397428461062141  
-2.056742983108739  
-0.18776310926134165  
-1.1593719663439748  
0.7940496118628717  
0.9609584901529722  
1.1155857020528694  
1.8254770592767384  
-0.5674934626064729  
-0.22700164871671724  
0.2800663015830791  
-0.515885844679147  
1.7842673631970447  
-1.3523557090589344  
-0.8619679502080029  
-0.43616744676276653  
1.135245144600649  
1.8406022514694511  
-0.624846961084776  
1.2478108385382924  
-2.0294977583020364  
-0.8363826107881831  
1.787323916271931  
1.5159909144100432  
1.4269942534335636  
-0.37402897673506086  
-0.6525043722860877  
0.11871853236523222  
0.43188550524354685  
0.5764045021506661  
0.13724131560277986  
-0.5263984934147077  
-0.02969567798370054  
1.2831621399068176  
1.3336376619838148  
1.559242495677534  
-4.7238601347121545E-4  
-1.3941961069926725  
0.020471775373750667  
-0.48710429120271215  
0.10683721048446237  
-2.2047513080989267  
-0.8503583056765827  
0.6615037822279204  
0.44493502150876996  
0.14205172486398165  
1.7784576541579682  
0.6059974960152026  
-0.32020236432894844  
-1.3031408666509758  
-0.4147372031501888  
-0.8493637340599474  
-1.437388666720457  
0.9103194957536056  
0.2997484598993241  
0.5464177169822744  
0.01070621619125589  
-2.309155843586349  
0.6723107869818081  
1.3808745289509199  
1.5150319515375008  
0.3816311052507979  
-0.2866293563541058  
-0.8077582693926235  
-0.3555400271281055  
-1.4323610943948797  
-0.10789936607417072  
-0.3791885013687297  
0.2692581384881043  
-0.5469730384360494  
2.8190830807697083  
1.0325520420405017  
0.025453725337771793  
0.8370093684568705  
0.5958443642449351  
0.47618486162729123  
-1.4948534929262864  
-0.842207691399576  
-1.5932647127015134  
-0.23624061562893406  
-0.6649186052031935  
-0.6580563079693267  
0.597831221886902  
-1.686684591838235  
-0.1515723074863784  
-0.05260598011737461  
0.3402478707904022  
1.17624178304904  
-0.015572303538029963  
0.21856342791752237  
0.8626151145455854  
0.18074392400314476  
-0.9324968847912887  
0.8736298849300281  
-0.3026133908774735  
-0.44785217590278403  
-0.6390176255011184  
0.5317678363303378  
1.131948265423551  
0.4727230358307901  
-0.6140047873613206  
-2.0355317403715514  
0.23529753024386046  
1.2771443942446101  
-0.5262264432407298  
-0.09353986700289774  
0.7326024723098588  
-0.19994620587127088  
-0.502900403955878  
-0.40412510182193095  
2.5119279940391426  
-0.6048139037733558  
0.5611056043296783  
-0.7518132520729575  
0.6966253286462623  
1.4042768600080837  
2.285648297240539  
-0.5413441739269054  
-1.508586332949708  
-0.0842890921994437  
0.34458375831464405  
0.2744152950865253  
0.2704690249922459  
-1.1151227011981266  
0.19511775063305858  
-0.12126989260540899  
-1.1487987055840323  
1.031925458780571  
-0.010684913244459082  
0.8701034559685459  
-0.7885812388253948  
-1.9416016831613536  
0.5487656868530832  
1.7492913961203982  
-0.8297024022468458  
-0.1397391386672675  
-0.4012367632060432  
-0.9760935088945448  
0.5315716072225083  
-0.679638905519214  
-1.4313421920704679  
0.6752758611981635  
-1.0591622670298335  
0.48404610014592553  
-0.13596719093431897  
0.2502791811352907  
0.9574962064850663  
-0.7202730970887998  
0.0011764618053646814  
-0.12582399999179028  
-0.6495094257570626  
-0.8911003725339235  
0.9579771228374803  
0.1566078287414765  
-0.6121059637207749  
0.5801739360972311  
1.5922995903429564  
-2.005295466579148  
0.45398040739220225  
1.9096645781114363  
-0.5816714886569878  
1.5294004669795953  
-1.6223603269260165  
-0.40662098899446697  
-0.3329241330079844  
2.6168269401161703  
0.025349646484481347  
-0.43032455273419323  
-1.025046437766128  
0.026953623772087987  
0.22733088032769544  
-1.6897580416670888  
-0.3490283904676712  
0.6193305972296841  
0.9291087393472024  
-0.13725239194636263  
-1.240950906050947  
1.5740207814937994  
-0.26869588846494885  
-0.5346102225313674  
0.315001212814523  
0.1935156714286066  
-0.7750199844102603  
2.271384311530415  
-0.058802833884765704  
-0.21676619425078947  
0.7193719402312437  
0.28513245073678295  
-1.337607623281091  
-0.9027562111166345  
-0.268711082134538  
1.2838714109432603  
1.1336507850497455  
-0.7050005125177119  
-0.5375856021733307  
-1.0988405738478102  
0.5172302207503812  
-0.016039511478448176  
0.28626641713582934  
0.28535008657777716  
0.031969166947666494  
-1.8221497203473547  
-1.3216807089259879  
-0.2443165325572494  
-0.7700361801863203  
-0.39027490098822426  
0.43389433157033785  
2.207941428842359  
0.9175827768129254  
-0.4906296911144912  
0.17888023572483736  
-0.06968122072471417  
-0.1225333510093467  
0.3428834458314256  
-1.4103121777155678  
-0.09150028382694764  
0.6780855380856208  
0.18585340107574577  
-0.2911407444981604  
0.06351924286318855  
-0.48519745584582274  
-0.04273495555131479  
0.9548093057160596  
0.5390707754231734  
-1.4818228345533768  
-0.8527914137718655  
0.7894395078357368  
0.7816545603947507  
1.5401827700337245  
-0.26973103463918147  
0.3393599545935775  
-0.32876602511144526  
-0.5709072015347907  
-0.9758133843287968  
0.9423525264579862  
0.26846996225988384  
-0.4447894864351474  
1.9418495318455307  
-0.7778683943669229  
-0.7142104495092498  
-0.06504513968531  
-2.173927945686323  
-1.0896616890668476  
1.0676036446024009  
-1.384721714211775  
-1.0405776704964813  
0.4476490826342667  
1.6695503864352395  
1.6608929133888548  
-1.522629824513217  
-1.2707858826078455  
-0.4993443879189128  
-0.42327528970649464  
0.9256338137958773  
-1.2489068948013262  
0.9599990609771094  
-0.8264981955857014  
0.8645909466852038  
0.6913895465403446  
0.2572830625751523  
-1.1901017273031158  
0.4881008967594802  
0.8121974378437153  
1.5164831895907804  
0.37076492751632717  
-0.1055824808704644  
0.2979957192424738  
0.5801851370782796  
0.3162539433715237  
-2.0406715320965976  
-1.659217323886752  
0.47127810088906585  
-0.9842430670373705  
-0.5845153293686076  
-0.13829399088384342  
1.3017949357805163  
0.1542087150477629  
0.4049233815351787  
-0.6044642328966399  
0.1069064801465327  
-0.8806056822377153  
1.8446643018884465  
0.4859955134424565  
1.393162272274303  
0.7824195596768746  
1.226997555729148  
-0.6069968081450137  
-0.04654715500775897  
0.3224972980940999  
0.7250724144403851  
-0.07189938163282239  
-0.4615264137039805  
0.059632799955116056  
0.9163575208710375  
-1.516783593183061  
0.2717598377461279  
1.3658513277841617  
1.129157649149385  
-0.05328834197201804  
-0.6128579488586663  
-1.3046205384236922  
0.2585022381929116  
1.7310570475873082  
2.551015811923283  
-0.6256925070307799  
1.4114002131023913  
-0.25467004845745134  
1.3682004317945538  
-0.0772442202705097  
-1.8911066457291206  
-2.3112007509827386  
0.5371902134477669  
1.0187379525754876  
-0.7443531353713722  
-1.7368326453141076  
0.282575455293804  
-0.8148485575475517  
-0.8876324870878793  
-0.6083962199338133  
1.1731237133904289  
0.6632200815511711  
-2.077390692229411  
1.5206294580699602  
0.6483647234199923  
-0.43671908720467556  
0.9787931296806871  
-2.7554697816420637  
1.6309522579658067  
-1.349967167143311  
0.25687474153024414  
-1.5595691233673827  
-0.995786782032325  
-1.0296775518803232  
0.6500351759593359  
0.5912272061290338  
-0.9998295810187843  
0.46616976942275556  
-0.12325836750933039  
-0.19717828373702329  
-1.4692004665325582  
-0.4204302811837817  
0.51057474351129  
0.655174166448675  
0.0866704112942207  
-0.13263902045589937  
-0.07705467514173225  
-0.344731008678127  
0.462939527907853  
0.37064772980914196  
-0.14746247565729043  
1.6608928510069978  
-0.2921524225133627  
-0.5410086388069413  
-0.5186761194673606  
-0.18710699347324944  
1.4647393339400452  
-0.7975434315480268  
1.2853964600695225  
0.42321394027035897  
-0.02708543502198868  
-0.047470038954024574  
0.41554567082843974  
-0.29619449368965434  
2.1873164924215036  
0.13313724719334719  
-0.8057668491553676  
2.467688257159269  
0.1275003002223798  
-1.0366346556859938  
-0.15147190264254018  
1.2865752531077357  
0.42034969668345834  
0.20232951900191676  
0.10976024455628508  
-0.10420372825221502  
-2.086375867443503  
0.1626049271690757  
-0.019139972958513773  
0.5856584060193404  
0.050417883176854694  
-0.6534737040341705  
1.199979475243305  
0.4397436857273833  
0.30670826028190934  
0.020852266826405064  
-0.017138886047058932  
-0.04347802074323415  
0.05832153454246747  
-0.07761706203895002  
-1.4404278418425926  
-0.0801481559468904  
0.7662610242983137  
-0.9826343129880399  
1.0026575374375133  
-0.29116859560799924  
-0.48332045335754703  
0.2784355328519732  
-1.0728649720266228  
1.1493754971606256  
0.22371823882327213  
-1.3762913568854849  
-1.3266259546752144  
0.8511457803994773  
-0.7190638103126652  
-1.0109449614833483  
-0.3843470296915976  
-1.8630749331908376  
-0.1610783596503964  
-0.2396382087898239  
0.9612109829276916  
0.3893575932315656  
-0.40495960338304027  
-0.09527355922619041  
1.5327613224428331  
0.8368458311572855  
1.2394371204780965  
-0.5598511480019468  
-0.7943516869290397  
-0.21512725844811165  
1.142247099971625  
-0.9836268774959613  
1.503966876965685  
-0.549661128329828  
-0.10468974236261719  
-0.8570215811870456  
-1.3383638616881885  
0.696667275506127  
0.23589626504301098  
-0.02419943269557301  
-0.07266741470455429  
0.19430011269591851  
-1.8689471645999287  
-0.18013976436753776  
-0.8895172949202257  
-1.6225677473782483  
-2.015039525241053  
1.5359416630616183  
-0.22628502904404346  
-1.4284976268424376  
0.07872299010362394  
1.4062553106648155  
0.12553736099250568  
0.1618382477216338  
-0.964281566208844  
0.4377654854685131  
0.7302588797331389  
-0.9479595485727144  
-0.9929823423137298  
-0.6808035825758321  
0.6888624813022775  
0.4051899404565109  
0.4849739782584317  
1.5817588753559226  
-0.7272769496045655  
-0.33058969316442166  
0.518559280332668  
-0.11869307352366665  
-2.3323099564257346  
0.5567282057559977  
1.0703075869057432  
0.17153735211297505  
-0.34405942255044764  
-1.2219721814759774  
-0.32817180793903056  
-0.3008550174946176  
0.2686605374476354  
-0.6172661328848976  
