0.565347810023108  
-0.3257188556747446  
1.106373873078938  
0.10886801221501025  
0.21762440535937355  
-1.35343966200274  
-1.2235242568138285  
-1.6816769851752158  
0.3746925489772337  
-0.9302743104417706  
-0.11379333026454524  
0.2583718525704354  
-0.8311229214737117  
-0.22543207481333039  
-0.34999591537693747  
0.8526800874086893  
-2.90915735650561  
0.0920002029176138  
-1.407202562631265  
1.306266904409091  
0.2333812498051255  
-0.5581825990941858  
-0.4680921992277827  
-2.1684648766856953  
-0.1959441835374882  
-0.5515681583048702  
0.7989477587623386  
0.5167973411442749  
2.3607221250313413  
0.03269570372836022  
0.5958514954585297  
-0.6068319208194298  
0.32428150346051754  
0.4076704824010247  
1.980817876842618  
-0.4630598228229836  
-0.10034496536914281  
-1.714638987634071  
1.0230285798516783  
-2.8645933982775933  
-1.4466892847874713  
-0.6414505847447858  
1.6399702712762334  
-0.457617307073882  
0.7882007119015406  
-0.9005908738865835  
-0.29090147711174386  
-0.006110742566221544  
-1.1267893950642789  
0.10485148010202747  
-0.05229504264436214  
1.1293481943439108  
-0.4655930513046549  
1.4549732599265588  
1.2807639221747174  
0.6988919954745685  
0.3945210412357524  
0.1363018316641455  
1.0533284487798895  
1.8904742895343634  
1.4922420428994305  
-1.1142809127012738  
-0.23407046537235893  
0.07122308369928614  
1.4044229269683535  
1.088031870209965  
-2.1484422461162866  
-0.12955910564674272  
1.5526759990209087  
-0.35471546757898653  
0.6941331821990211  
-0.31886529245014555  
-0.24306689848136892  
-0.8649687268462778  
0.8322823488423844  
0.25038923326097395  
-0.48888686046880403  
-2.593772316527859  
-0.07540286495291411  
-0.9902781403524661  
-0.5961770565153218  
-0.6544863574732913  
1.3337594163968367  
0.40839792344134385  
0.1246890530769046  
0.7300494168924213  
1.2752402231162918  
-0.5079449381892164  
0.19479451019440164  
-1.224398664882268  
-0.05154054083164187  
-1.6376813621994646  
-0.16650404867775637  
0.8586127418361303  
1.4708999982794435  
0.6774094812789219  
-0.259601353072325  
1.3330096580548851  
1.2274832150891377  
-1.3100325578804368  
-1.1232717533209298  
0.7820879038995756  
-1.8172697152760264  
0.5602953572599366  
-0.15522681647433986  
-0.3113018719257967  
0.7398133592020394  
2.2342788519974603  
1.1448393964393544  
-0.44957960099690897  
-1.3708272025411001  
1.9662516379374377  
-0.29535940070098154  
-1.432567826315643  
-0.13176350723401672  
-1.4219807395970117  
0.4611481259670314  
-0.5391960122996424  
-0.8266058826715312  
1.4921326000324224  
1.3289901628386087  
0.8515063271515587  
-0.055751922671388336  
0.6311124729969904  
0.8948458823915066  
1.2242756280164602  
0.08317476275308758  
1.481442607823706  
0.40073486159327376  
-0.09040842562230444  
-0.1793139943567568  
-1.8645399398790377  
0.1800798714398507  
-2.001567695277557  
-0.3869064246704307  
-0.5955204395432059  
1.350381659239152  
0.849540273998816  
-0.2386773809135268  
0.16597413492982543  
-0.1367190346867028  
-0.3274123633922826  
-0.362168232258288  
-1.7162771362229772  
-2.797568921063096  
-0.016278709632862674  
0.12519226579505247  
-0.8399377545474985  
0.4604474336475225  
0.802256731710397  
1.4577277776732915  
1.8611095386857717  
-0.43655335314133603  
0.2897896965198644  
1.370555428342082  
-0.33754110847096913  
-1.367162056890953  
0.2927957233596945  
0.08696147710798688  
1.335220568307614  
0.42191191034872716  
-0.08530178813553431  
1.5406349453272201  
-0.26533287461603494  
-1.131843025767398  
0.047326130655597785  
0.7568971908399192  
-2.061256648741223  
-0.43726602034533024  
0.10658266788055444  
-0.815837220587627  
0.7689115150830361  
0.09017695260291834  
-2.4751972912666114  
-0.40791678327639047  
-0.6731041337351511  
-0.1576814804972004  
0.7282765308258791  
-0.23326070953182557  
-0.26012404670345984  
-0.376987182248519  
0.5990212986571327  
-0.3685481241891548  
0.8507750850554606  
0.5372056526490433  
1.199943566962192  
-2.06378266003235  
1.152635752638221  
-0.8179034317106663  
0.9048814397321543  
0.6292247988655031  
0.049350891836175026  
-1.9753095567728585  
0.9055192734201796  
0.6491466416749645  
0.543761673986757  
-1.6071918675700245  
-2.002177138149189  
-0.3318687999707723  
0.4988630539312567  
-1.408384724622248  
-0.3144771608083482  
-0.829142050177836  
-0.920238198530228  
-1.175515812756121  
0.9270833296129393  
-0.8926070501978198  
1.2506937723999365  
-1.1535461407650294  
0.2445609235758551  
1.4419438137682856  
-0.5238199019409304  
-0.5606534414577131  
-1.0287894224760723  
1.3269391656343696  
-0.24004390830217506  
0.20143120306098125  
-1.2230189308278314  
-0.6459936421508502  
0.2865731899170007  
2.2399369470021147  
1.0912725352259989  
-0.18758118756058986  
-0.5936405952868227  
0.3310454601585245  
1.5359764860019403  
-1.082874808653585  
-0.3166554935477156  
-1.9642133869937148  
-0.7040783734203037  
-0.18251739242538015  
0.9944512340406603  
-0.1205954571392858  
1.497938242821532  
-0.5409758171428475  
-0.19491097459815443  
0.6313001883085124  
-0.6137163230393851  
-0.25494319719385883  
-0.07058710251344663  
-0.07693628179345609  
-0.3668202903796613  
-1.0192305298229754  
-0.5974147946243796  
0.07135708099111107  
0.16374570551046147  
-1.7782429074004544  
-1.5888059498117897  
0.7766302879130417  
1.0913980729863877  
-0.741827041768033  
0.6102909203626079  
1.7908112788128774  
0.2519259572597862  
-0.2080080459539115  
-0.15121035347578263  
1.4944354578684838  
-0.36154362830575326  
-1.1127372999337002  
-0.34799516812048586  
0.2650674481903429  
0.43959649823334773  
0.11228419310384376  
1.607778610292667  
0.7508279071100865  
-0.29945519166659146  
-0.7086881179090654  
-0.8058358801617832  
0.8366251423477912  
0.7207510981424432  
0.32545045813777296  
-0.9272842719129962  
1.1785214798149206  
-1.3606701422808447  
1.4892008755465116  
-1.6047109326781075  
-0.7476805729044383  
-0.7295928959996905  
1.2437719716393516  
0.6139678650611736  
0.8098166492693021  
0.7939295725938046  
0.7302583908470639  
1.1028105079433195  
0.4026659322766382  
1.6791694455830781  
0.8858191159708296  
0.9094021888607419  
1.0681385589786558  
2.455916049972825  
1.5492373580140264  
0.9393925886790244  
-1.573690657332527  
-0.9267972554393789  
-0.8691324064379932  
-2.1414014194227646  
-0.2969652666268508  
1.4538508984910494  
-1.400717787115876  
0.2450217796081319  
-1.5822353576797503  
1.8467899502943967  
2.0969707625914356  
0.18755676044513497  
-0.24163122758087108  
-1.336491349660728  
0.7461047381104396  
0.8504870861859805  
0.24681381819588413  
-0.3846383147966012  
0.09356453348662859  
-0.10999482699919626  
0.41604702166793567  
-0.25460596101562755  
-0.06955714298846126  
-0.4352656611458706  
1.2262367683861215  
0.2759948065915913  
0.08779163293234606  
-2.1447354686075752  
2.120573354385905  
-0.4348764211912427  
2.3400007375406475  
-1.5706275947869597  
0.3649897659732299  
0.61873357400998  
-0.40205445438794774  
-0.0017656156904706035  
0.34901173203888414  
-0.2017966555170436  
1.4615627372560611  
-0.6716070712970252  
-1.2140046932275965  
-0.03321676291996285  
1.2106535429870136  
-0.4391078063495305  
0.436786486456776  
-1.2219861322508154  
-0.15730324270963084  
-1.2247564932086004  
1.6081990384958296  
-1.6120029227023358  
-0.21070051340382573  
1.1479336540483356  
-0.5559763735491081  
1.557832785863582  
1.274732858498938  
0.42423721057903485  
2.047844455402876  
-1.4164221441122824  
-2.103885574767568  
-0.29311507752848687  
0.11908545128888244  
1.0512139474312756  
-0.8327843474073479  
-0.10876596817694202  
-0.8443963617064277  
0.08798355389145358  
1.2377410923730308  
0.02370504986598206  
0.5782381031741048  
0.16478195195918346  
-0.6976612158527139  
0.9714481939284556  
0.15772889447120467  
-0.3644453290504068  
-1.5651356627481408  
-0.23390279053988758  
0.028120832010279494  
0.3527530746275656  
1.1276613115639234  
-0.9201693022998718  
-0.05062885017344392  
0.24470428573047365  
0.27861411047820656  
0.26999370404977097  
-2.1061936608247  
-0.45228976994812586  
-0.1722569333001893  
-0.692796873251396  
-0.2703211445249605  
0.5590931520505024  
-0.7119436134865977  
0.8778318234468603  
1.5624689974692265  
0.4880662380981459  
-1.4728608548684312  
-1.6370985324438696  
-1.6666238757084084  
-2.0302538060380537  
-0.544662438744538  
-0.026794509042738477  
-0.3060502454626586  
0.9949123231013763  
-0.9212100085263163  
0.18735962402448433  
1.9406562267845937  
0.19464132614389953  
0.826917002822196  
1.3283821972947643  
1.265933434786654  
0.5086203351445076  
1.049917995476116  
-3.3963350014518374  
1.0150625377849858  
0.712770310131902  
1.0029121296939114  
0.9814355977905355  
-1.44581991064146  
-0.8792039455768337  
-0.2573244441497928  
3.271997357972924  
1.242504586844878  
-1.6392185195249158  
0.2943587875016355  
-1.164008418402786  
1.4041343302763902  
-0.7508439300022375  
-0.5204621265154541  
0.8438878461036878  
1.3628528034113074  
-1.1194067903588696  
-1.0797776365138765  
-0.3863884019996014  
-1.2732491428609158  
0.3064184670001591  
-0.46486475641251845  
-0.04135271711463077  
1.4616724606196783  
-0.28726476899142217  
-0.5113425050725523  
1.4717827091225768  
-0.6083056358041923  
0.7559011697044182  
3.6693016557217497  
-0.23101933529578145  
-1.099277149640733  
-0.8144503381822539  
-0.5282706733666485  
-0.8550575444546608  
0.2825856442457134  
-0.13068311173651903  
-0.8923478300296382  
0.5109093576043858  
1.2109278576737312  
-0.018627717538609014  
-0.9768463338968251  
-2.019463621193432  
-0.03204386619890994  
-1.0602862193200782  
-0.744522820138603  
-0.31193350678264203  
1.009541973359393  
0.25177261217668245  
0.7512768163511463  
-2.044860543593975  
0.013390860279835751  
-1.0019999387538618  
-1.2164554077087684  
-0.05131299561536024  
-1.8228163954992544  
1.4165253416274766  
0.062129847210236525  
-0.9626761283602895  
-0.2873632278126312  
1.1072275250563723  
0.6102667222608008  
-0.9795270148494117  
0.8311080179957033  
1.2822220238967084  
-0.5402099195281336  
1.176882221372937  
1.8252376312415768  
0.9987469139192481  
0.0934589522671537  
-0.48441774577002317  
1.1843713324080054  
1.3916697240811893  
-0.5161866809862781  
0.7894057731948003  
-2.442224287315567  
1.6130000651553273  
-0.044556661469573135  
1.4325323496528044  
1.0642357227969061  
0.06342578643773403  
0.5551058729333266  
-0.36266795368510113  
-1.4548902399827401  
0.10693295781350122  
1.1551613462470174  
-1.734477210866828  
-0.061802303344611204  
0.4947037325735314  
0.5124764806787139  
0.11839484130207105  
-1.1807200498413837  
1.0579596834700842  
0.5295107342769275  
0.09327731606595607  
-1.3508806389980097  
0.8773205863936656  
-0.4646124740716565  
-0.8450502323460727  
0.7315086901022988  
0.2582676742735016  
-0.12614223932379792  
-1.9710043340136607  
0.7717510171880296  
-1.0546720308079014  
-1.4612511026114867  
-1.5808042804014086  
-0.05734345508483146  
0.8165562229155647  
0.613524137757941  
1.752816297550983  
-0.23961067241117417  
-0.17757686410305146  
1.0077463876531843  
0.4989965298005697  
-0.932800549879946  
0.001757801400709419  
-0.7577743034475617  
-1.8355323548559903  
-1.533512544189083  
-1.0396853541912199  
-1.0863756053106963  
-1.0396476006333775  
1.5526296499438619  
-1.2041766193174526  
0.3013433931415434  
-0.4108434723306306  
0.5825672829888271  
1.296090054608709  
-0.4197161084724039  
-0.09824706916280622  
-2.1728085611337637  
0.8173561893809328  
-0.20817129687846941  
-0.9696168504749778  
0.4522887572301529  
-1.4052482528938037  
-0.03295694922799913  
-0.22002408411164076  
2.2361989371738438  
0.16792364454230663  
1.1642793712987758  
0.15678596022692765  
-1.5756613234116639  
0.2174878532085027  
0.37550388177312044  
0.7925618446456355  
0.5240707083910211  
-0.620634130559924  
1.3843223693730284  
-1.568104758826035  
-0.4709098913631178  
0.5988950107464686  
0.5761219007661874  
-0.06453900935489186  
1.2336895122697875  
0.9028559829943352  
1.7823813287655497  
0.6117737320780046  
0.9453562446541305  
0.06943253408175785  
1.3168956008441637  
0.4302574864961372  
0.33892674835904996  
-1.2714374243365316  
-0.9859506016584674  
-0.245806839033945  
-0.6157125730231943  
1.472811156576802  
0.08536353884569571  
-1.0500851637392579  
1.8906555336027622  
0.36522463388173354  
0.6748314189043956  
1.5477029545672218  
-0.6793612090371139  
-0.311000928528689  
0.12308117412435143  
-1.4151539011973704  
-0.20703075114826755  
-0.3535881671106925  
1.2845421113470585  
0.4730722771554022  
0.9446653733317979  
-1.2367185540182013  
-0.8834027021135733  
-0.04703519851850005  
0.17841672711047965  
0.19420049457855051  
-1.1757921854058468  
-1.581925012997924  
-0.9780299108222763  
-0.5941202830636793  
-0.5804303648906002  
-0.17077045822672235  
-0.9182297237884752  
0.20315032682107764  
-0.2428990729591562  
-0.4338244161598789  
0.0029079666944932187  
-0.7854737836294312  
0.5775635429525425  
-1.9849815679946372  
-0.6932021287913742  
-1.808538097480874  
-1.17040282702168  
1.1437554898706461  
-0.045263190500766444  
-0.3220581135157262  
-0.6871492182026194  
-1.345121756465218  
-1.2219718774681114  
0.6495736165418157  
-1.8626441883585885  
-0.6594649696212569  
0.14811160889290748  
1.00860035736066  
-0.7076375900958823  
0.2526938543334796  
-1.4310417829156195  
0.11800498039189956  
1.284576042328694  
1.0456948734509048  
0.2020890836618869  
-1.2837263544495616  
-0.2066362979219943  
0.149035002881648  
1.3283371973459575  
1.5082962405697866  
0.6532368142220886  
-0.4708354806223325  
-1.5342457455134206  
0.5719099079904729  
-0.5033244859114318  
0.5021247924409755  
-0.28147659740330166  
-0.28234864984916314  
1.0497228300721138  
0.3775698415031343  
-0.2554697304327485  
-0.62353936002589  
0.0054608747015521125  
-0.2630243477165888  
-0.9184207237864347  
0.0323487878314207  
-5.551064583540996E-4  
-0.5936296449054971  
-0.2773805468431649  
0.20418991251375135  
0.5534546357691414  
-0.3307046242391912  
1.262504012444419  
-1.4699975998697579  
1.282227690028309  
0.5282972896750713  
0.7237760148884929  
0.1647512975525098  
-0.2438112197876062  
-1.0070168467254188  
-0.3840011732058176  
0.64536077110182  
0.02633282996137104  
1.7893496298865623  
-0.8346855619708573  
0.9055446543721811  
-0.12270338636450716  
0.9259797503770462  
0.38708752552611325  
0.4005838409124497  
-0.0015647610858260882  
0.5187534649133818  
1.2109153570405518  
0.540443828828789  
-1.277851987111321  
0.884414571429392  
-0.9949609289432596  
-1.6834182314441162  
0.1188623782986782  
-0.5011268914911758  
0.7913166754705985  
-1.1132179581282775  
-0.9234013335342057  
1.110187469069821  
1.1123517440809911  
2.063014611770913  
-0.46264351565719863  
-3.1737177587919296  
0.8362679492335985  
-0.20746236651165126  
1.432629196829694  
0.5182304098911468  
-0.5427916087434682  
0.5275395324890367  
-0.5736845580197746  
0.6154348881589444  
-0.5741041636934469  
0.1597911041874412  
0.38385624835897286  
-0.015028039262903576  
2.1308533745136873  
-0.5347988453798889  
0.0011537718964095944  
-1.094053301993741  
2.1191427832115686  
-0.2926651356525317  
-0.2236566522458128  
-0.04871823629555962  
0.9375953958372083  
0.7120320788738927  
-1.5324816084047315  
-2.2553470016982944  
-1.8111208125635265  
0.3344446354413197  
0.3549417057440902  
-1.8875811658100192  
-1.2328842035863625  
-0.7335072231611744  
2.011006753533609  
1.7499152523802317  
0.3866954347776226  
0.05218949935150793  
-0.2830606087792712  
0.7765526025270406  
-0.9239080679350434  
-0.12139340938938012  
1.2855559302491335  
0.20167911710775652  
-2.4325644994166145  
1.4137760266995711  
0.5795087451008997  
-1.2775558681530783  
1.5597835316928217  
-0.9588595551362318  
0.9633500934716938  
0.8871415541847952  
1.554032346312901  
0.8634764303511416  
0.333992856319459  
-0.946363412489003  
1.4422109250368622  
-0.34206423024199806  
-1.0766418979616381  
0.024924756897221314  
-1.1116264392789093  
0.8935884479951991  
-0.4636897164596105  
-1.9660800151010172  
-0.9635719253747184  
-1.6731949224062237  
0.6977860332409646  
-0.7640362852644781  
0.6239970912996082  
-1.5643912565788827  
-0.0338710158277811  
1.5227655456863294  
-0.48336039676465226  
-0.7299878912380722  
-2.01686234032305  
0.8914023724014238  
-1.074377851864673  
2.236874158845194  
1.5645030765303989  
-2.971440660209587  
-0.7819969059100169  
0.7586881215997479  
0.5001280008513409  
-0.4042199990218012  
-0.8533808361564227  
0.24561963597091466  
0.02518015073581001  
0.5529868128431611  
-2.0274800526915504  
0.42287267059115125  
-0.23070080350689834  
-0.4793014414337335  
-0.2823705487115579  
1.1896983817150968  
2.1710386348683732  
-1.895710714145532  
-0.6883044539214885  
0.015014153862830023  
-0.23276806052770935  
0.5191657718920607  
1.7666661878526762  
-0.20630189056533968  
0.2878743106649606  
-0.8624009125639864  
1.2275095206356097  
0.19462203346261453  
0.14363447518450992  
1.3316765767011272  
-0.5522014271904855  
-0.7533909219228342  
0.23611681843063329  
-1.7008418396220617  
0.8177331000699003  
0.19341985463349384  
2.7017978868060326  
-1.4997408802921042  
0.8986394891651919  
-0.8133459471401119  
2.003182304062147  
-0.5475150046670081  
-1.8031793555111597  
1.2737533058224988  
-1.4223728504396707  
-0.27140696487090704  
0.009901878873083728  
-2.120176481705558  
0.34846399375568743  
0.9036988229892584  
-0.9558060753908377  
-0.3543566738539887  
1.3619920541702768  
-0.2511099955043006  
0.34294154808178917  
0.3943738446784661  
-0.038203107753064076  
-1.1146611491274907  
0.9322492786444342  
-1.504892039712252  
0.3751971279573816  
0.522160781394436  
1.228116581245849  
-0.4952657626990723  
1.1481219522095996  
0.4314817127055322  
1.6387512246703224  
-0.8904403450318206  
0.07350308037651726  
1.0533124899403672  
0.8526844906159459  
-1.0875296775246293  
-1.2371119735566438  
0.8277296244612505  
-0.5864069233838147  
1.016589891932327  
-0.600817168010033  
-0.7285138113336305  
-0.8732205180876886  
-0.13849452125370273  
-0.06803722741570249  
-0.7592557350295254  
-1.7999924770696916  
0.7164545028146203  
-1.046116136105888  
-1.232083343092391  
1.6877335534681217  
0.48032984809720636  
0.8366353636931914  
1.4167590277612176  
-0.3571591725292238  
-0.2935514470980286  
-1.7566614356371137  
-1.0809585589519404  
1.2268110520054676  
-0.1945963766000302  
0.7687981239340869  
-1.1818783761979998  
-0.7351417058741417  
0.16634796072376684  
2.1900194344242174  
0.0690266421266829  
1.6021232429649457  
1.07864294362556  
-0.265380422747222  
-0.7479543597448469  
1.8466759080770867  
-1.1558929969849823  
-1.6644188675956095  
0.05712806083421101  
-2.5375696267923242  
-1.1554048209296899  
1.6175043541811045  
-0.830376129572197  
0.4603333842260451  
1.6144307102491786  
-0.6571518693094515  
-0.460632103971988  
-1.7837728457759567  
-1.7892906944263827  
1.4391942767714951  
-0.39339810269997255  
0.3541653488554123  
0.17325017684162822  
-0.05608391432153568  
0.16486732266082876  
-0.7820217664625077  
-0.9287691199434523  
1.3785342461369006  
0.8658720064457984  
-1.6672817198986707  
1.2408075260178366  
-0.2533945673723836  
-0.9847245890026367  
0.9238108517524318  
-1.9325714430757408  
-1.1761234283107087  
0.18614828304887024  
-0.29423594843248024  
0.30114672522185104  
-0.33213596568456194  
-1.282823888625675  
0.867061375774303  
1.1902548263906478  
1.799045997673665  
-1.1133541853896722  
0.07203563969882851  
1.0504904169090574  
0.3772961196548068  
1.1163875680928055  
0.5429012144980753  
-0.8534574408783788  
1.0288197320611308  
-0.917229405854111  
-1.000063497258633  
0.609330275202036  
-1.9651508224715665E-4  
-0.34320796878927595  
0.9081553434718086  
1.3069691295438557  
-1.1662768778352932  
1.2639265071424994  
-0.48002937354438  
0.06121425294675086  
-1.1269867573059429  
0.778810074257266  
-0.46632812575113736  
-0.5070400448518865  
0.536852706444048  
0.07544942679356152  
0.9458599558828253  
-2.904044285443599  
0.163834652418112  
0.3892982023754485  
1.0261393493208777  
0.688717446231624  
-1.7077416494194555  
-0.3518386041453929  
-0.46799527687508674  
-0.6383828060174016  
0.41900016185524985  
-0.6352978659268194  
1.5991512511295194  
1.54935557263643  
-0.8362137386905  
-1.3818129135520085  
-0.34834791151329675  
-0.9719720601683182  
-0.8936910401820403  
1.1414679995102706  
-0.4560564412375537  
-0.25953076957044097  
-0.6227846486385277  
2.1357824728577195  
-1.9152999366337928  
1.9104874868009547  
-0.5620486791932088  
-1.3729243317736828  
-0.16678364976603569  
-0.06424747000910506  
0.5133690102853461  
-1.6124787658492439  
-0.1066696720875136  
-0.27248546174616267  
0.6504327732908192  
0.18878284979667723  
-1.7135605718172406  
-1.393860945034034  
-0.4339371232340527  
0.02797928855749042  
1.7392850549379562  
-1.0995779946229376  
0.2549598876591962  
-1.2595674658460314  
-0.7229291582224021  
0.5888564422728788  
-0.17008259175518908  
0.8644542711579231  
-1.471162626622792  
-1.0648746774595768  
-0.6734111206534937  
-1.092037602590891  
-0.46364912396359875  
0.6623609723540386  
-0.23162457391668984  
1.7157199498981468  
-0.44246104066809555  
1.5822509883484734  
-0.3415539452973535  
-0.05588101871808038  
-1.2166720694856894  
-0.587942221643801  
1.5112995323062692  
-0.9246480161785754  
