3.110311869875545  
1.7293323759477524  
1.1488640881251073  
0.7657575912509684  
1.9973903033639302  
2.457201487574046  
3.711134801988714  
0.42038894830097706  
1.20742820128107  
0.6126907314715407  
0.7215883820920271  
0.7334065982791965  
1.4659580325434785  
9.974296657459382  
0.023632942656504063  
1.6224238058510827  
5.675176682575796  
0.4358027452183749  
0.2997302438980426  
1.213730153724117  
8.208759371070471  
1.4274747104045948  
0.8625853163692093  
0.6124273694579602  
0.032161774855033465  
4.637912933613132  
2.282426926239491  
3.9904874747850267  
1.3126659319219396  
1.4820655276983907  
0.3374614286820199  
0.05824362252940196  
0.3622036298898984  
1.050417918930298  
0.5566855872863791  
2.431031951540672  
7.0595029992192595  
9.607452259564345  
0.3606871459413308  
1.56020892366035  
0.7607161684776093  
1.105568006904486  
0.5526858620439562  
5.069818839053702  
3.1901472748496476  
0.9362352702420934  
1.331070046734804  
0.35872615656313556  
0.9101631752286721  
0.867089107038091  
0.6400630619225783  
6.523932238448676  
4.581519387077384  
0.4175017467657227  
1.9645244638609123  
0.13984726109521228  
0.1645515822145266  
1.6286332373585566  
2.3848280194661347  
1.2590609601881604  
1.2928636581100745  
2.8514657765621454  
3.599966633247252  
3.219902534073229  
2.244461304948533  
4.386797896480725  
7.487413213246253  
1.3918704976847818  
0.5453694694597716  
0.2210098777405295  
2.8498403127920025  
3.891448071193233  
0.5972196398772517  
0.44713118768787197  
7.330698366516735  
0.43318793033311265  
5.52875526204587  
4.123098176636411  
0.2272642148235049  
3.4461478914582933  
8.554148375116057  
0.4016791542704329  
5.864920535768329  
1.7990687882240604  
1.5496599935458044  
0.33455477168940706  
1.863886282036209  
5.372295640311919  
1.677400831538829  
1.5652189567267953  
0.18168196924262914  
3.9406854079946845  
0.3030275378745323  
6.909584405950131  
3.976090692300533  
1.0437324626343236  
0.18210210233201074  
1.0732251816395584  
1.2971536409504425  
3.1234446071156614  
1.5266446042920108  
0.45004567081180613  
4.933916861224815  
3.9082471089421795  
1.6410693092366642  
1.564548814751865  
0.3329426661875673  
3.449664490009293  
2.793397627704688  
0.8794570735605917  
1.2507886412735232  
3.0393744488959284  
1.0926916913505775  
2.7715235921296912  
6.283562680583984  
3.3526454206766725  
0.7314991657938918  
2.716318044720665  
3.1270539632888577  
4.6216477931908395  
1.5843375127954173  
2.7459821902593466  
2.9132365104107514  
11.153568312908998  
1.6774900196092628  
4.658254535232804  
0.3628232415436533  
0.5223160011391764  
0.22314827111609037  
0.8047423949262689  
0.49405598985841015  
1.1852108920587772  
0.25832978068858037  
1.9168515471701597  
1.8286522247370023  
0.6427791603413674  
0.16771791632309963  
2.914354803172514  
4.287290555678606  
2.6339089915897036  
1.901740024679196  
4.369803662062679  
1.2012062612409729  
1.8180451960249022  
0.30024905545362246  
1.165980873169394  
1.7418796783246115  
1.0068616861696182  
1.4328345726296714  
0.8707399115295317  
0.1909634653706438  
0.2859087291622675  
1.146281067507745  
0.23841208968980232  
0.3050013647960975  
0.9512390100098406  
0.9378043160829713  
0.09226094099371585  
2.070335406039497  
4.939706919823878  
0.9898245441139158  
1.2155516796486148  
1.7609673379161617  
0.11374834673952894  
10.103752980513853  
3.2075560454011462  
2.7174033576083727  
0.6824173318936827  
0.19302632972476919  
1.634150372811749  
0.5760266348066717  
2.1456178167906654  
2.1748794752565246  
0.636033900859741  
5.417158882613599  
0.3003354105799605  
0.6849147526834537  
1.1333794659805911  
0.5545422521889382  
1.7906119983230184  
0.05536042960282761  
1.9264365054443477  
1.1558108003884597  
0.4090489217258353  
4.197419436081046  
0.1900021948190106  
3.149039365753938  
1.4007816568529763  
0.2404509948500505  
9.293154192239285  
0.24792353108350207  
0.06953318580022849  
0.7700088139060318  
0.010009124835845817  
0.2599889995130167  
0.8442021599837235  
0.843705799122722  
0.3617938117824637  
0.24688436998937802  
2.2847519854996277  
0.4567213921413976  
0.4422740716870649  
0.15420947657545203  
0.09351908157369082  
2.898514417081529  
0.1673627335945177  
4.3877925943752345  
0.4675424000754941  
5.541911337974677  
0.17437255382000139  
2.5666932581216595  
0.7757314231352597  
0.9855895322648334  
1.9309970517463744  
0.17031041593548735  
0.26463173976165877  
0.2862000186257624  
0.005842917735796593  
4.746890499671073  
4.8918871201946965  
1.4334270964791451  
0.31941712858739757  
0.29617923604763285  
1.5702235678658039  
2.902813342144373  
2.5303134118951576  
1.7788814724961273  
3.155755227916535  
0.48621394686837793  
2.573650673791633  
0.18658109834037928  
3.2892345195722728  
4.401402990000999  
2.615629047061978  
6.8886470205744335  
1.453846047266888  
1.3728429791944157  
1.2445715669469282  
0.1333836143892514  
0.23284635552842547  
6.2232576782303575  
0.7074340342430152  
2.2163852796248995  
2.4806020269523783  
0.046907861065632606  
2.896811044003228  
1.11979869025421  
1.5632099606483252  
0.04072372331438978  
1.4566053224441804  
4.7373650405966  
1.0692972636507103  
1.1103234494153473  
0.8733058082149031  
0.24490112443167678  
0.7080571727036433  
4.38156240977716  
1.4693648472449823  
1.8142904310285717  
1.5298855595264556  
0.1178607616629268  
9.117455256508782  
3.402470905653553  
1.9662625282441888  
3.148448017991217  
0.7919132692898623  
0.5859629158413432  
0.40070478840719626  
1.4243178898932751  
0.6457900857594223  
0.22650429330475674  
1.3753898477510011  
0.2727468187405724  
2.3479105638846076  
5.2783047553815905  
4.133516730916989  
0.7732083894919972  
10.877206806826276  
0.07522483276077407  
1.381658641449225  
0.5850524067069363  
0.24968399337489344  
2.2663640854330924  
1.8357463692676546  
0.4078722460538081  
0.043624238058506126  
0.1497756260516825  
0.1733921554060458  
4.419384703020664  
2.2425228797045187  
4.224873326113732  
1.6374032576086883  
2.9671010124114967  
3.056728730739357  
1.0489395423955599  
4.279115281656804  
1.9409615283056243  
0.4499593112839656  
0.04131978608601039  
0.28813861738256064  
0.6530038068349336  
3.9440539792048463  
2.4736051061122994  
0.023693339145559045  
1.501286743478531  
2.125586113213359  
1.143594146210305  
0.7780044748057519  
8.426785115229372  
1.2085435206232087  
1.2045196329601797  
4.067566624070004  
2.1798166927264946  
13.747144820895292  
1.5174418750877794  
0.08291718413811267  
1.411085216123214  
0.2863116302455554  
10.795211465761733  
0.4546313868947838  
1.4218377798797484  
0.8097629271014184  
1.9520094303993711  
1.4284207902379764  
0.699086241712486  
8.574556927472223  
0.8440766163774177  
1.612824608095384  
3.6900288215615222  
4.76145360331435  
0.8207643726241487  
1.7944549027158834  
0.3031556708194666  
3.0474828653213497  
4.8086063078520915  
1.6186845122019973  
2.2070233317962282  
0.43988546360965275  
1.067632649005687  
6.501837719520932  
0.12711450279236203  
1.499917829135227  
1.1889571201846239  
9.677388372074953  
5.330334939927927  
0.5180730621283319  
0.05025113252656199  
2.6780610708363244  
3.2604176905328934  
0.04521755352147272  
1.8388993119696806  
2.6183752733753045  
3.48988735053604  
0.07578810204792341  
0.24861024132859344  
0.4282061305703272  
0.49846010013588904  
0.307404857186685  
0.8591291432694437  
0.5164876702747156  
3.466826254157713  
0.5496203527620608  
3.8530519846571827  
0.8121852592422923  
1.2860213770027844  
2.913552072191524  
1.607731449374209  
1.1882004264065054  
6.094547772537391  
0.9377416472008576  
0.3039717464031144  
0.42306532392569374  
0.2893805347008549  
0.18744026322168872  
2.945218350923524  
0.6408808788360232  
1.1394768507226727  
3.8711716917667087  
4.985158715854033  
0.6018362260434157  
2.88601587928785  
1.9669125211976195  
1.9729998965694868  
2.260452045517496  
1.8143383145417498  
3.3559970015803775  
11.7485422659179  
2.3170657023114045  
0.748920557653866  
1.1909453766281346  
6.265418137036365  
8.067323835743384  
1.2965332660929025  
3.095450681066958  
8.129606310792786  
1.7448178275487336  
0.24506524736816138  
3.36217903334759  
3.3801530268447917  
1.1358966103612578  
1.0845150607045873  
1.3397614600357195  
2.450929987012474  
1.8412195990017133  
1.1929520500209194  
0.2181858166703532  
5.6428874246949485  
3.852631603465855  
1.0948172505370386  
2.5683352504179835  
6.5800031432343875  
1.8008326866954005  
4.353324357662716  
3.2830120979496202  
1.3759167877984706  
1.4586069577729828  
0.5724982291983499  
1.9369001354456472  
0.31638026041392375  
1.356984856102839  
2.4117861291667793  
0.4252135044906086  
0.6173830785818629  
0.42909430903151025  
3.7611867209052545  
3.9546347153182233  
4.643485112931462  
1.7113925795134555  
0.9427339046303174  
1.744834229949483  
0.2300558120425772  
0.9843340203348261  
1.8283297760911466  
0.8477867104698372  
2.5780274466834867  
0.7231617246694017  
3.7373884854119046  
0.811820841940874  
1.794103872179127  
2.2814520702031786  
0.9527844682125325  
5.153036587171276  
1.1111444482949961  
1.260197972723744  
0.08478112418788597  
1.0004901586357462  
0.7101575526795179  
2.2916211653821135  
1.5870370299119236  
2.1113787769438708  
0.3450825654804396  
1.1268539618035418  
1.1494176790393917  
0.7579613223237164  
0.46809433403009915  
10.552100698134069  
3.112585437307947  
6.595924681791528  
0.7060148312517106  
1.5377584148454526  
1.5961759284018355  
0.36216648453453515  
1.5554399746727066  
1.6348289786481363  
2.4959552909260188  
3.796409871910363  
0.6136229911545216  
2.3762584901698585  
3.5859460298147408  
0.7504136857467442  
7.045212877104241  
1.3457258944206774  
4.4952768003814203E-4  
1.4701204311517109  
0.5538098970325012  
0.19675542289839532  
2.481751648047858  
3.7286696438070392  
11.584179696313921  
0.41206901570948196  
0.20462700084413865  
1.8730800486491728  
0.6073252381930705  
1.7343265403351786  
0.8503021823190104  
1.4165394533157767  
1.0703227955019217  
0.6933369481734414  
0.998094126699568  
1.9797152900958008  
0.2990767688180862  
0.9987932667305149  
4.442137078186449  
2.2340361505894624  
1.263420970068057  
0.5451075629325591  
2.3088320122432555  
1.3928391064197427  
3.3127284254596425  
2.913376717251459  
0.31841099008858176  
0.6823521444657088  
6.087199188479573  
1.2380536363601569  
3.4859699656803094  
4.03228314328364  
0.39321419681979775  
3.3946791404899663  
6.96914835522667  
3.455699294540025  
0.06095687131720151  
4.2809545514776595  
2.481656469082272  
0.21295003926748712  
1.4137687597013648  
0.39103464649853037  
0.11667992609275701  
3.0976661301441863  
0.6554276884211463  
3.407527660058638  
1.139370384719907  
3.0037224777930307  
2.450301824165499  
0.9525164746742348  
1.5790768395432293  
0.4084857798213537  
0.34380705181914606  
2.0574314532207887  
0.27621506276305274  
1.2501105423972798  
2.379932662763306  
0.7062505253162177  
0.5428210943459205  
1.4640534200798898  
1.348725168002956  
7.315606909863116  
1.7814568175410632  
0.515514331630732  
0.045885041701522744  
1.1310608803812565  
1.1594325016072071  
2.0522783584573596  
0.7449409529043433  
3.7455366809510506  
1.2194824745952448  
1.3965242437070828  
6.625239713153455  
0.8939188217679334  
1.0527310174203608  
0.6776289839528138  
0.31481017919233467  
2.8765610109309137  
8.009512050525291  
3.4504148642728567  
1.3831408422206237  
1.8045338242283693  
1.8650366279388413  
4.255121152132963  
1.5450727399505026  
0.2568313886560547  
8.685335163508073  
1.4616936596489944  
0.4937811764676747  
1.6135252415703327  
1.0087892536740335  
0.2641751158833383  
5.891204061163218  
0.13650784079203393  
1.1466571975774886  
2.0149687747367526  
2.209111683790837  
1.7395420828072738  
0.7843841934099627  
0.376427496961414  
1.9462614929301632  
1.6936279750154632  
2.0831594705773604  
1.1011239818095975  
1.9889958837703137  
1.4297906993052116  
0.09944487368189037  
0.7140889817020496  
0.18747786969813496  
0.8958722811453557  
2.4808439281878876  
2.5077993326527146  
0.5927637394667007  
10.901297378786996  
6.91407034904772  
1.8654649607410851  
0.302347121409155  
0.5277859871591545  
0.04308613520861426  
2.1559680767443368  
3.8981802971044117  
6.060511528884097  
5.569558732610137  
0.13415461694756214  
3.011096769938599  
0.5750182795605935  
0.038140125922476176  
2.64024182150043  
0.7208203942312047  
1.702669819269036  
0.011959168640223727  
3.2327583864578466  
0.6184627622138855  
0.7089616166160223  
1.049750798824391  
1.0261773286176834  
0.45476393604607035  
0.040683209977153134  
5.0185415837538105  
1.0290794551135818  
0.40962861990950616  
1.0068258257307101  
0.26435219387241193  
0.3676865220173109  
1.3171659233963724  
1.6771225672517347  
0.5085813236201636  
0.4319906464634671  
3.2512786932708044  
0.3771609301414597  
1.6743899266449314  
1.5671749021369008  
3.1842229399238757  
1.9950049338870475  
0.7427004953581656  
0.8170751588754899  
0.9198922372952639  
0.4116725252179998  
1.473715336160214  
2.4213197853956454  
0.24453250275314364  
0.20961716682068254  
4.626922179400829  
0.17706744168142663  
0.03962218639795012  
1.297129835789685  
2.412619262127203  
0.12791550242702232  
2.001084793691754  
0.8683908032937437  
0.03141121291844795  
1.1937223343365115  
1.3650081772218492  
7.786297012933506  
0.6095877207523498  
0.7723948582250217  
2.6346564340744774  
1.5441498639169193  
1.0052682577589707  
4.82776382080012  
8.8161749434922  
1.4757976993838735  
0.8130851014794804  
4.338659658506213  
0.17295069331432655  
0.41452229279391184  
4.59070110477592  
2.390570569113268  
1.0961865520932956  
0.9200730471482571  
0.693358400026044  
1.2784576524324383  
0.12627884345646267  
0.8684548327300501  
0.010449879947648788  
0.8623256256473594  
1.4711992327310075  
1.8159405379246514  
2.1859850495162982  
0.05259220785516383  
2.5391331190283988  
0.686919475845858  
2.2028173916264433  
4.764281975489212  
3.1922649818069733  
1.7832806164017505  
0.28308664270773887  
4.270605965083661  
0.17654382315147488  
3.6455556602488466  
1.5164041178838046  
0.41107915684768626  
0.5641505401571362  
0.5760567912416892  
1.381345626606794  
0.15590825109949413  
2.255380005501402  
4.106320737021075  
2.2365018364812657  
0.3750231634753315  
1.6130852118131378  
0.9696478025736033  
2.015199265331553  
0.12379369450873257  
3.3087269417331013  
0.38067962386814425  
2.640278041386565  
3.4092349877163928  
1.7191846142639684  
2.7964961290397112  
2.872512841089472  
1.636911920847473  
0.7331369667786847  
1.1766363052600692  
6.14448729420341  
6.693330588268026  
1.1781889218568002  
1.5470903702489487  
0.0708552528241485  
9.847726507943754  
3.247329180509531  
2.0456832382513  
7.437966832859666  
0.9429660352029046  
3.3542566129624127  
12.481662163445433  
0.00915488370522688  
4.067127773361683  
2.225388502693642  
1.324805035936309  
1.2993286371816732  
2.6972144780107743  
0.08283395353008371  
1.2067903828593267  
2.1308960926179084  
3.031616774554777  
1.8651289654220276  
6.246958435547042  
6.017390912486513  
0.5966757585792731  
1.2013384769748925  
6.667015908603959  
1.6802826199845067  
4.260513596807472  
2.068718568863593  
0.4674507343815204  
0.07455498869875121  
2.1945396359171747  
3.3290877914497545  
2.8978370824950956  
0.5111823603999394  
2.7868606588072837  
0.08701843942536536  
0.7161300215375543  
0.47566371035014876  
2.9927371273594465  
1.9932255398352368  
0.249952496241454  
2.560219916274735  
4.5190452367645015  
0.4258045915600789  
1.4258246587535939  
0.8614942311817853  
1.7197549393024474  
4.146963398464764  
2.215491839460179  
0.7484454659945144  
10.378557155702884  
3.068195640814659  
0.784009753870758  
0.6840090950944755  
0.6091209621123145  
1.6879885936336525  
0.5818043775824411  
3.6447189292548816  
1.9652764562833591  
2.700393696797315  
0.9324390416414946  
0.28810680830893387  
0.08949806209273548  
0.7330040822834372  
0.938014973511081  
4.336870407987135  
5.991124534691074  
7.3356247003055115  
6.3902594503412855  
0.16621535513272334  
0.6633585011429038  
4.0575297226663505  
1.6946852710101101  
0.13502919371151334  
2.6024448389806376  
0.7191028586163184  
1.3796503056075016  
11.681775197609692  
0.4880491781058238  
5.415180629104748  
2.0740740351715297  
2.4714125085139833  
2.5083785107184884  
11.10795328460588  
2.3438029978493673  
3.0012674779687663  
0.29800627243791455  
1.1794642482773443  
0.21359143051502383  
5.3884866609666915  
1.238105281422317  
0.2383167575934103  
0.15403688967844997  
1.6820933053584959  
1.1844705181791815  
0.22062749319631092  
1.7756947269488683  
2.9543714368815497  
7.00158722781168  
0.5853634648448369  
2.708754638586078  
6.539301023906099  
4.8937783625043005  
1.872478431726563  
0.12574202692303915  
0.09862726554524137  
0.49892886694252403  
0.4095316089947998  
0.5702871574324347  
0.617342681169924  
0.22814981339260798  
2.4618961098327947  
2.182264944231973  
0.16601182650687052  
2.4172433489234924  
1.4242905664473544  
3.3828065938770218  
0.10283622695598904  
1.6732269327815719  
1.6893987132572708  
2.5062037597814864  
2.617826049736971  
1.7461885749757422  
2.5704676621729354  
2.671857541460389  
4.079162018146633  
2.421253148276721  
5.621378109933392  
3.5959714586435036  
0.45527324888210263  
0.4507396433958827  
0.5318688986663489  
0.42264332243550307  
1.1176764600416522  
1.2968732230096829  
3.2874575193183437  
0.8371363283558853  
3.171805971353239  
3.5737599596591654  
0.6138643516387471  
1.8209586900260977  
3.5742275500294554  
0.29731743372924613  
1.5591304941891275  
1.7429957539509804  
2.6910799253717177  
2.148970614985983  
1.1482473185129178  
0.44604031760311524  
0.3940457878289483  
0.023396207862529383  
0.9237308054356203  
6.305841292917602  
5.10215910924893  
4.782377820214989  
0.7678325420614313  
1.4541477658224293  
0.5760547720568066  
0.34828890493032727  
1.2164584817042312  
0.09438453797100677  
2.3187116709602025  
1.3378363227470447  
0.7896959249096425  
0.16189863250268444  
0.15402769394451565  
1.580715614898856  
2.7655947719607226  
1.1397331290783463  
2.8377004794234146  
2.2506352330535604  
1.4540452180155534  
2.907835554873314  
3.213635372822669  
3.099606103798469  
1.357732130608239  
2.8988848905442435  
2.3340343313851193  
0.7285068196520161  
2.5195284750135896  
2.1969967792547256  
1.3841227331778316  
3.5656048229292336  
4.081890096956117  
2.5674735163393207  
2.079708991860688  
1.436972526821646  
1.9930187854025454  
0.439772813851273  
2.7172330699207405  
3.902177125301238  
0.2002746550616169  
2.9631483757542183  
0.8345343808514039  
1.1159930043348798  
1.5831674567825975  
0.5169673529470054  
3.386186272451307  
0.40492630775955385  
0.1307892219500001  
1.4082714612551444  
3.026234066232706  
1.473320851556188  
0.1186729583717866  
0.9665313549966775  
2.950241902194925  
2.124695895396795  
1.4581704065425876  
5.806772556625659  
2.2001593943459063  
2.570279411477978  
0.46187912513692864  
4.299352934481731  
2.023884835311353  
3.3753803556732205  
1.5484660101809582  
3.702747242389297  
3.269004763378125  
0.15173287544761882  
3.9066166582957846  
0.3706913205203771  
3.130639084989199  
0.865444153708993  
8.14921356968391  
4.955760383599372  
1.7636305428839631  
4.378832412666045  
1.0770877339917895  
3.6934549364739206  
2.251676138639519  
0.8255894811108933  
0.41306115036491453  
5.325199913796708  
0.5493963779189237  
0.42866324162126157  
3.8422070322653346  
1.648524316704022  
0.8454881404854631  
1.949484684601086  
0.026446475412180148  
4.0283148015780315  
2.213248133661654  
2.6269866908402544  
1.3447553742911589  
3.2029162552535495  
2.655541690762889  
2.120812355859249  
0.256933776964931  
2.29909900814362  
1.086452793348669  
1.5977557969503986  
0.8416719161713293  
0.48651147072491296  
0.34441362115992635  
3.087370212320483  
6.024468458827727  
0.5566021160998047  
0.5039553769661864  
0.17150012330454767  
3.520967527122255  
0.48233145548039924  
0.7437897937614157  
1.3880501903312163  
0.16435536095297576  
0.0067457663058206885  
1.4821908099882881  
0.4450538421106759  
5.3356794718639575  
0.12437284127122805  
0.8343672405848235  
0.21533639531236715  
4.975886294597233  
0.7005425789884345  
0.6996733207963263  
0.362063926788338  
1.916519153606896  
0.5848458267714268  
0.30014526292628463  
0.2757900722233392  
6.106671741870217  
0.1487666755798256  
3.6921133517711056  
2.197949458267389  
1.3746122171882502  
0.14739619605875276  
2.429241106194304  
0.5010794131653601  
2.920429965298435  
1.6022610607722498  
