2.198229934120367  
2.22959198060336  
2.179984390006222  
2.273994634547406  
2.271179628408043  
2.186091754993361  
2.102276152679741  
2.2977757847591773  
2.2661115234496276  
2.315971315533249  
2.1242226701913425  
2.095350440343494  
2.140793621891743  
2.270094071172066  
2.104307647652661  
2.1918618221528776  
2.2339867627140166  
2.188271625691428  
2.191604125069533  
2.1035658299891695  
2.1971883533856316  
2.211297987703092  
2.16768995708317  
2.317168611920137  
2.2827534765150514  
2.2304092691487334  
2.237438997505844  
2.1749455010708747  
2.1051028916614256  
2.137717485699695  
2.0441977141190857  
2.2669807824615127  
2.2026806203051374  
2.1823198326315247  
2.1605529090056095  
2.16064904018197  
2.16316133615183  
2.1729432399326454  
2.280290543826144  
2.2976950820049744  
2.1533844757141902  
2.1936463674487285  
2.279835988103957  
2.2479137620093907  
2.1833032101467955  
2.1589051926043457  
2.258498453075402  
2.185505168597572  
2.2468431686496193  
2.169117505406645  
2.1361003552520232  
2.154506141100492  
2.194168289228105  
2.1578525481946578  
2.1977363281529043  
2.007025182318395  
2.240898129701932  
2.1763541378017917  
2.0646266502871806  
2.2479313791400184  
2.1872603078731068  
2.141282297727064  
2.2125739421967974  
2.237577258181287  
2.1995941273154918  
2.1352332762490285  
2.1485987467456353  
2.1647757964613827  
2.1573258019385575  
2.099127000851163  
2.1773054317409595  
2.173968728181976  
2.1521280704052943  
2.1355428969866845  
2.2340556229259243  
2.2373476409622763  
2.258827277482007  
2.3931546529774805  
2.1951572540355855  
2.196150585578062  
2.282325663565597  
2.2174639826711453  
2.240003395911442  
2.0833767478553984  
2.274098710308844  
2.2578974805709238  
2.1810239310369908  
2.1888461080595256  
2.3073993188928243  
2.2758152944432486  
2.176578373467219  
2.1279394171543458  
2.2758763791523324  
2.0935470361409374  
2.1958401654840416  
2.217640704827392  
2.1216451015141984  
2.157387861406504  
2.148234173716218  
2.2114125753784646  
2.2122752807032153  
2.2235400748433554  
2.2651115929816443  
2.130782418728923  
2.1101441621834676  
2.1635623883284953  
2.0521912291423883  
2.2594709800547736  
2.141077116519507  
2.2248090976116743  
2.238412067047767  
2.2660792389924267  
2.127934001876036  
2.2247940273388664  
2.150499408122054  
2.080349582877163  
2.1044581576732457  
2.250967821237055  
2.096641176326102  
2.2981915961444366  
2.039525512469059  
2.0460418667895968  
2.1884842060805614  
2.2535148572019508  
2.17813953866812  
2.094885703470238  
2.1139488346583013  
2.1510029056554916  
2.178047140754212  
2.2016715558646887  
2.1369806230233515  
2.297611392067723  
2.222386808408495  
2.1219346602277622  
2.1247469894851787  
2.290542457975568  
2.2467744408713135  
2.3312941715505584  
2.1232390698280836  
2.1494173615795695  
2.251410453864252  
2.167005722222748  
2.2440657921868166  
2.0535441899826843  
2.2386954343284216  
2.167518374792366  
2.204432015807946  
2.1213638026156834  
2.283182557183058  
2.3519131545740337  
2.1923532513301156  
2.1548857210514734  
2.209309202150223  
2.251749612347515  
2.213461502183798  
2.2273348923999543  
2.0419902192944517  
2.2885563506894977  
2.2649232391635605  
2.211021304488718  
2.135195760757284  
2.201639207380915  
2.2362092887804947  
2.277789554288785  
2.1871851039080608  
2.2500162142324904  
2.12138099690102  
2.09635255063857  
2.050584267622689  
2.082120780826658  
2.2543604425415538  
2.0787982494640094  
2.2325440233477414  
2.164182012128128  
2.1040674869815  
2.302766287108836  
2.3021926465905387  
2.2222864416639316  
2.215313974456136  
2.1381350303627165  
2.138419329990614  
2.2695670579981533  
2.313039476827739  
2.2699241692466723  
2.1254344060993415  
2.1453185213400268  
2.1152539849615963  
2.261638817457946  
2.220831756799633  
2.130563926711415  
2.315231326616311  
2.220861177459577  
2.2501281570604  
2.0734574651956086  
2.126841046959089  
2.1844028031210523  
2.170556554352557  
2.196653464662628  
2.1443141448376863  
2.2307516585442304  
2.181775167697303  
2.232344995737328  
2.2285622267360825  
2.077999167058559  
2.1432459183683092  
2.1863975704467054  
2.1553069193239476  
2.263515247236242  
2.0863806694349893  
2.151783151804912  
2.315919156139085  
2.1829267825150214  
2.3337350745086574  
2.134011466014442  
2.1804426803440684  
2.053462064195142  
2.150281252196848  
2.15118656048404  
2.164559424775976  
2.336201592941079  
2.2066883212240422  
2.1571729602164416  
2.2577496115957345  
2.1985652069559545  
2.1293412238450298  
2.2807863877643637  
2.232752914836553  
2.0493746574323914  
2.241296046638581  
2.3099412832764714  
2.1481169039609984  
2.276432861175755  
2.288140162607662  
2.128596669016165  
2.1328667664304106  
2.2728703625021507  
2.223115985355561  
2.022487791038673  
2.2725877631873477  
2.1181033759002243  
2.2835090583936024  
2.2691267755439877  
2.236579172617677  
2.3302658720510743  
2.2985010483569415  
2.124292196593981  
2.235735678663362  
2.1514290001194483  
2.169974243053491  
2.1595233352427035  
2.2808535124436324  
2.1216249331339125  
2.198673385206731  
2.1522651492980787  
2.0673386272717877  
2.252482031476221  
2.2285067522657087  
2.2387359349891494  
2.222157327117551  
2.1289387380128764  
2.1561391708340865  
2.2566574872152425  
2.185934687736336  
2.237515172944441  
2.1619203589587275  
2.257538525280894  
2.319805821138546  
2.154271905837175  
2.0978179044129757  
2.2129067474788333  
2.1916010585983385  
2.19892127864867  
2.1915586887466674  
2.0895793039018336  
2.1912576908392616  
2.153997316160962  
2.147456703609039  
2.2458886546608037  
2.3289423586765436  
2.1200113747702827  
2.131336794020726  
2.2498139099167482  
2.2016043186121066  
2.2177515556668896  
2.2825982616745626  
2.193782697061252  
2.120457441021148  
2.222139040407815  
2.1846652591163376  
2.277212302193933  
2.227151478315728  
2.13010197249232  
2.097927089435367  
2.0883819707654734  
2.191902784364118  
2.088840705505927  
2.169408854456197  
2.2339794212585664  
2.1422548383460986  
2.2774222497810186  
2.1176138964914073  
2.2299952678802435  
2.120119852614916  
2.107010786228021  
2.2295652528824466  
2.1345621258287073  
2.2689710777069747  
2.262992573769934  
2.347133926941421  
2.0996556388328473  
2.174107481027894  
2.165281533833775  
2.1347748576941616  
2.2797436598605025  
2.082378440669185  
2.1919071840229196  
2.2450873487478145  
2.1550228261936617  
2.1628191614360284  
2.219601246984136  
2.141572269587923  
2.13652705889427  
2.1890906913523684  
2.316217664455271  
2.1136403181112313  
2.2667507659186366  
2.254520519299001  
2.317809186534407  
2.077613626609649  
2.16221663948927  
2.165286172757917  
2.16393043432211  
2.2178405292153363  
2.17017830909988  
2.14272841816925  
2.1862241387081016  
2.2207854602494717  
2.2163927391257965  
2.1546406374033458  
2.1204111837867914  
2.1510532609683075  
2.1827634179147393  
2.1603301145037817  
2.239815065288042  
2.253539199074737  
2.1854070384253492  
2.1755419957121114  
2.269226132959329  
2.18480077667369  
2.1820957683576436  
2.204635765501391  
2.054639223697747  
2.191602826442014  
2.1999085579090187  
2.218601333425934  
2.1485497645066105  
2.133394628294466  
2.181122953208319  
2.3516062358177914  
2.167681790514261  
2.321038894317541  
2.1070817276011056  
2.2220483512667686  
2.194400598180428  
2.2263992188137265  
2.213144818617043  
2.1815886209328763  
2.362610597951954  
2.227500241309375  
2.093349853895957  
2.13004979476702  
2.171781679295526  
2.269243837677442  
2.1073529083161007  
2.150852339214043  
2.2949498152306576  
2.0570757474638945  
2.1285525465741806  
2.1831208655104364  
2.248216022728557  
2.11743686527555  
2.3291309553030755  
2.077746357463641  
2.2126232600118825  
2.1661265448630864  
2.4378643621992064  
2.1954788852594516  
2.2843363684552322  
2.1911613379813804  
2.2163195905341073  
2.210093618583073  
2.1891042585408695  
2.1061158672952085  
2.1499423130553854  
2.2333970778408374  
2.2050154016294186  
2.2118792428225347  
2.151217237015273  
2.3256784163824844  
2.284291294621069  
2.175947271602533  
2.2112797060341376  
2.2060008978493526  
2.2171368023351214  
2.3148852509778517  
2.2113914195222577  
2.212285065182634  
2.0807255747461806  
2.1586779348430425  
2.1179005485458275  
2.2159087921988916  
2.1376839802457903  
2.2532368879186104  
2.268567111337447  
2.366540413081976  
2.0907568738247133  
2.1203490710369897  
2.285667979145017  
2.141028101817147  
2.183351977975226  
2.1416652599757793  
2.2433557132854376  
2.1175707510075283  
2.3458408596022  
2.134391213420045  
2.2646854882341967  
2.1867326295193  
2.098188164398831  
2.1904329941151133  
2.17870026836059  
2.1443641014045625  
2.241535196122223  
2.1375363768332947  
2.218317554328128  
2.1661123095604564  
2.1194884145229986  
2.3280438147355853  
2.2032028508246513  
2.340231645222267  
2.170227626869275  
2.1599690881861973  
2.121188027085498  
2.105031913857792  
2.216787651487669  
2.101563526685048  
2.2858844309920423  
2.149114514869446  
2.2469504128020876  
2.2032542898594016  
2.1802434382528704  
2.2241514604833177  
2.1908530461009588  
2.17941777740229  
2.230258125163424  
2.0893203697865586  
2.1999500214192835  
2.245430179756001  
2.3910686607677603  
2.251028763528496  
2.3030549584854785  
2.275296086243764  
2.2678739393171714  
2.1880181701260226  
2.117181035417918  
2.239568452088094  
2.1330844646522618  
2.143593964586442  
2.0607599410507107  
2.282715952600073  
2.238365583291402  
2.3005033699774686  
2.25058457117272  
2.0895663172604992  
2.1636782763387132  
2.290292433606405  
2.322546297117648  
2.1588736278474228  
2.147446833060092  
2.17768996271836  
2.15681220469879  
2.255455321508964  
2.195114244260949  
2.1844981853989944  
2.241713819615863  
2.1044962271994554  
2.2535894197389785  
2.2790258281220677  
2.235454248107751  
2.1894663314051517  
2.1466630063074597  
2.1837764380634193  
2.287896310849587  
2.2883404877809093  
2.2046427479054382  
2.255131469736983  
2.109477646102581  
2.3146935463098615  
2.2286002783875203  
2.124436004497782  
2.2773700423793355  
