2.8690970646803815  
4.452966159980609  
0.23757539022982166  
0.58292286751363  
0.2910682596296066  
0.9457031296523921  
6.058366923858916  
1.0327341776847105  
1.4250241709358236  
4.783802896111131  
0.1616364627742367  
4.167814756686061  
0.23654471936636057  
0.8510619665611979  
2.9940745399702235  
1.600631724866966  
2.170481702379301  
0.1962164267851063  
0.7312897602370472  
0.5148759403104941  
3.0933917383357405  
0.32568422048686596  
1.82501458572957  
2.5202120359849642  
0.17588665847877993  
0.18312299098252327  
0.8118569577265117  
1.131112345398233  
1.5840903538702462  
1.1508695445340944  
1.707239608538652  
2.392520734160544  
6.99749969974382  
4.489842917273909  
0.3591656834186552  
1.1213782880092449  
2.9542348765887128  
3.5001014810865594  
1.6883349314171125  
2.694535548545443  
0.03949646473001833  
0.6007206935140508  
0.3216514467162035  
1.9451813496914938  
4.589979726109905  
0.013085194822795576  
0.6840136749905523  
2.0474247075867673  
1.5243696945404173  
0.2360227166510298  
7.042942722017889  
3.8246314034786066  
0.5492652099492457  
4.200484170713495  
1.568007903861457  
1.2510741801254055  
6.4791979925546554  
0.2740093365934837  
0.03559029844453221  
5.56594131778845  
0.17015173480518508  
0.41330493098173104  
3.17751724253372  
3.7144322506697747  
0.9027569169783839  
1.7863605171687225  
1.142365361421488  
1.5632959232422694  
7.971465894020621  
3.447561298249549  
3.5551525182401704  
0.8214960222983847  
1.8278870494686905  
1.1292233544702128  
2.5003615469988083  
0.4977438533871975  
0.1252432788482749  
2.227932667670951  
0.987382944134485  
1.7845991768127456  
3.5811012910716755  
0.32840667200807194  
1.1137624045543832  
0.3436929132215577  
4.409778975022724  
2.4018974502072354  
0.5810705884085415  
3.146957629931804  
3.644320944959878  
0.34013046272724223  
3.2152959331600117  
1.0033748470798909  
0.8427596373273477  
8.14525783638828  
1.6229272488376967  
1.3664892901056325  
3.355938098808728  
1.754588302100174  
1.5817626216186653  
2.8524835891978655  
0.40632052306034394  
0.6643609439935555  
1.2687213409697335  
0.6038630091422914  
0.6961920748009304  
3.450979589254313  
0.5904677062828295  
0.6809681193846201  
0.14138016907307704  
3.895222164813697  
0.36203353997822374  
1.531735226343206  
2.5432194189978135  
1.820203824552813  
3.5043950916338993  
7.361859588578879  
5.117944623889928  
1.2855608383345263  
7.147475202548945  
2.939415014928484  
2.332262922989753  
1.5591742631279104  
9.298745828182392  
0.3397485479908202  
5.1925478199191275  
3.1872081824286025  
1.5274261605863815  
0.6210683376301818  
1.6531481159925114  
1.076697724854994  
0.021959929904932785  
0.8423119611180696  
0.6183900691846683  
0.14578551364425318  
3.9422401025883067  
5.548888327004617  
0.3850113629616181  
2.1088876791964  
1.7441652765604665  
0.39681199926547284  
0.10443869734379496  
3.5990454864376686  
2.108822621389092  
2.6064873581770147  
1.2188339111932596  
0.5381331023007085  
0.7885065039734712  
6.997898983952289  
2.7693939114592308  
8.131067205628472  
2.9016926024333256  
0.42392493362168326  
2.9432588052725666  
0.9049651668207231  
4.029312463408299  
2.7750146534235185  
1.330104599285581  
0.29602913275685316  
4.212532812692816  
1.9449883481283514  
1.3648578904573023  
1.965174550475743  
7.306597825854727  
2.1022303710958896  
0.20870191843682384  
0.22957948090389646  
1.7515607638608794  
1.39417604047217  
1.437386977085947  
0.9494155943748056  
0.8158849813520525  
6.2263590945475205  
2.146160852177517  
0.24596406988530994  
2.2085087386306186  
1.3908101367295755  
3.3203018143074776  
1.614843823246484  
1.7366164104248627  
3.470044279366691  
2.7514950516504295  
1.1722916541597794  
2.6721891271321767  
0.7995348641313516  
0.4783624850393936  
2.7499800352207253  
0.3991233127213639  
8.51342027127218  
0.9528051019194655  
0.049309102419189954  
0.7093439552385838  
2.556548554503582  
1.7498271895643347  
1.7571445937770962  
3.0542176993826082  
0.592846517406348  
0.8351226548173163  
0.24678114554340658  
4.22955202857998  
0.12256270605663089  
6.82380443265789  
1.8968930372573496  
1.8297428303060692  
2.4609571171397255  
0.257685636139493  
0.11189635371533502  
0.2505369447871386  
4.34732677544116  
2.2219413284604475  
0.6277228722246231  
0.6829768676444914  
2.058281764776937  
0.8452237948045033  
1.4044099918878477  
3.506423926463542  
1.23799405735886  
0.9674241001288636  
0.3129132068646706  
0.8072067047852932  
1.7157631480481355  
0.032772736344172104  
0.9218924292972386  
0.10630125197210183  
0.050148187327767046  
1.2350516639120594  
2.49604719514796  
3.279733133710114  
1.609467725670355  
1.3644502673577223  
7.6417398601379665  
5.93562918893994  
3.439465330973573  
0.9091453565808427  
1.3301175356631418  
5.946415568990082  
2.7529359776839843  
5.792615136934573  
0.6056610088654713  
2.261778180783769  
0.490722113236744  
1.4669675013947947  
1.115364423127324  
0.3325079468470299  
2.712552647983715  
1.9028891697960792  
0.15525804349625916  
0.875677784876705  
4.331150509154963  
3.106422119912913  
3.022279666879826  
8.85366375401162  
1.2821254842391605  
2.694141186882215  
1.0220470916263742  
0.409522603432555  
0.7978007397837078  
1.8699829087851922  
0.9263542538730934  
0.04061901456114403  
2.855841122883887  
1.113480381832832  
0.25592787129995465  
0.756552133085775  
2.321514049526746  
0.7721060346799508  
0.0414814513358841  
2.425305956546231  
0.4784180919410824  
4.114026375781727  
4.6569715745671925  
2.0097581442244246  
0.269035535961451  
0.34509656452297865  
0.9711827611975088  
5.905748683384757  
3.334072665572946  
0.464119326161766  
7.89018612935592  
0.06358785300855097  
4.339991954651964  
2.535890375748526  
0.6989942298001428  
0.5036399676117603  
1.7695527334568113  
0.17375742813020012  
0.13741504056424547  
7.291199685069874  
1.3821098287278315  
2.733262524274205  
0.4139233336861975  
2.123567481419691  
0.7534317685278485  
0.7668715001084736  
0.5834547300824361  
2.019340679984988  
0.6621050987992344  
0.9730886921838849  
6.883340172704614  
1.3451311267717565  
0.4540111747155767  
2.797657562448694  
1.8901493516279344  
3.175734038785674  
1.6969142780151687  
2.828008665591844  
3.517775510382712  
6.7893407606740395  
5.437400937317921  
12.39876450560847  
8.453593761766301  
3.0080026680093215  
0.008425482983423493  
0.9440683126480692  
1.7041349895659335  
1.4083834516964293  
3.1054614880635603  
1.3194746707132583  
4.255387516131284  
1.6569047039494134  
0.15186585820184118  
0.9227872055536324  
6.144193114837796  
0.26846242719005264  
2.618104071474228  
6.8983491422628305  
2.328937792993291  
1.614457473158648  
15.254030474029022  
2.124573122794393  
11.173352317639162  
0.22669826586982633  
1.4801599984865577  
0.5966370563173812  
4.683198648728515  
1.9079259923374252  
0.4167317912080526  
0.1391260299666075  
2.6498310409305335  
2.8058304681484736  
1.71427728343298  
12.70904833238456  
3.56407406365265  
0.6049637710415195  
2.4195560565237946  
4.703650610168389  
0.159103016713677  
2.876828906120901  
1.9549742774913503  
1.5920482886272125  
3.395329910541081  
1.3480347934242298  
2.1622010016516424  
5.515999528734689  
0.7619309404230418  
2.9832450618568207  
2.598900252986383  
0.1578343457921183  
5.807634511854073  
0.38742870244884986  
0.630118367251048  
1.2364896123017637  
3.131868178794117  
0.4675328697043818  
1.5895388944952238  
1.3055562128947873  
0.029447228155365934  
1.0438792345645904  
7.2113662166032935  
2.178890775046666  
0.3675549389627303  
5.641133725827468  
1.7150705139511806  
0.23620066757809588  
2.848334543090689  
0.8551507680073955  
5.733857187356267  
3.25702777910635  
1.435540447259112  
1.229902292129642  
5.561848325147303  
7.170199865618127  
0.8633854257547091  
0.4261536417101641  
0.07818405641762394  
0.05670576656434945  
0.299056083668392  
2.9091040140742956  
1.801298937100651  
0.8654803082040335  
0.7658139888460674  
0.3203178665300427  
0.5487178275023569  
0.8407862176209424  
0.27377920251226984  
1.635220444525856  
10.528522313012989  
4.159619921790394  
1.9146009321303836  
0.7019119090743126  
2.2751241271547125  
0.09170976571526712  
2.2493320872250866  
0.7982978655243639  
3.9943968933292275  
0.3200645275831582  
0.30035159461715977  
0.7509174328549861  
1.0751498681489502  
2.63456331247037  
0.035839152744379654  
2.24014169503822  
5.388254687818933  
1.7838769660033642  
0.04936891836395674  
4.287822043155606  
9.169662037826019  
1.5966992382481449  
3.0830748144928615  
0.2944506879007547  
4.66403514274999  
3.135909127629344  
0.2741528329067433  
0.2521478785354525  
0.14797151320086188  
0.13054871732301743  
0.5123026299132555  
0.29069635851717845  
0.7979558270224479  
0.5432233876859621  
0.8104031652810262  
0.6340949217266939  
3.1892051943356203  
4.623560233309143  
0.02719954131017166  
2.1514826806513456  
0.251250734829242  
3.4763518120258268  
1.1526626398921795  
1.9247935455993959  
1.3262562262548294  
2.01374700369773  
0.45508735673689404  
4.449139915741665  
3.0429195916489764  
1.782062549298291  
8.786972501356406  
1.9758810265470272  
0.5842197837919033  
2.444479315776904  
7.556783734285066  
0.9049046141031664  
15.93394683923694  
2.1020940328996818  
3.649168535794331  
0.361922240344581  
1.5551429752050372  
1.0419344740368541  
1.9853140809516057  
5.7664802676938605  
4.909686764119606  
4.879759233557782  
1.266853968226192  
1.999820486174833  
0.5229540950464184  
4.021734031521976  
5.5888659353967025  
2.654027680223048  
3.8642264974247302  
0.2352919269253101  
0.7857020452786162  
1.8525147493896943  
0.4348012877583518  
0.5087945322355653  
4.729315556844687  
1.5807824682910558  
3.1998637230944595  
0.18754916541990907  
0.6806767307757366  
2.308780268783228  
1.0107690839669252  
0.37723197838188394  
2.6471857569336206  
0.04508092448348988  
1.5154806058168435  
2.7262091784016116  
1.739675865175977  
0.07676447598450598  
7.263184492278022  
1.2066303588466443  
0.23096185342545983  
1.7479483955198383  
3.882733046193254  
4.5275983413194805  
0.5747689157170471  
0.09839581269785458  
0.3792361205102929  
0.2902450398844958  
1.3747834628483946  
0.5436770787293072  
2.0366505683224903  
2.5822462085333395  
6.233595743218768  
0.3326648219460243  
4.134521901425595  
0.645244429359218  
1.5912198458526565  
0.5304134164033247  
0.3307193837984307  
1.2311508619279294  
2.146071122380802  
3.3408448045760375  
0.04226237888659001  
1.6461709583170836  
1.6689355506913777  
1.871415201025897  
2.1001877378363205  
3.306073523476394  
2.864416822077426  
1.303829511822585  
2.479434903409677  
0.3730660192082236  
0.5989885947406903  
1.6916924693199664  
2.2238057181968003  
0.35911624113319773  
11.12500406717822  
0.31966615732671455  
8.1042620688415  
5.090082519052322  
0.14873008138820698  
1.316904269802102  
6.314206489602514  
1.4010863000256917  
3.402628257627438  
1.1854658727245089  
0.9610553070160482  
1.7662044359345623  
1.534131241541428  
2.145741208570204  
3.098429999421776  
0.7970716245496279  
1.031460008712262  
1.0954524637480172  
0.25398088322944046  
1.5763388071765054  
0.7782789884509561  
0.11400553384113832  
2.46766068737134  
3.546773800239861  
1.648186089300352  
2.43520442659316  
0.02298642543765439  
1.379584236084036  
0.9615353014692657  
0.17239336606022782  
3.2793943434320765  
2.611655825266035  
1.296848470359585  
1.5131700705592943  
0.21276545452403317  
0.5095478794709091  
1.2557892000802318  
0.3263517503704405  
1.7172563583074534  
2.3217362434786115  
0.83838411960733  
0.14728852865067144  
1.2177481950501527  
0.7152205692115804  
4.289005763937273  
6.2798088191616  
1.981343902807664  
1.197560393029129  
2.9684137061088385  
6.054578819895778  
6.884340906631545  
1.9401684999522133  
9.154141724574206  
0.7591286124670277  
0.8824113985955839  
3.331717753708591  
1.6102748903007669  
1.846042617822072  
2.636126427183852  
1.55742042644737  
0.5512378909704796  
3.7602122079951448  
0.050269529795562984  
1.3095505959621612  
0.060684141396685765  
0.038294494360288645  
2.0309549093152524  
1.7857659800757348  
1.2495312008459936  
0.9348620603949559  
0.45197579108409713  
1.078519653351076  
2.1020682362760197  
6.772568321216596  
1.2911924649964879  
0.793493427692446  
1.4280185973795962  
0.36168624538572003  
2.8434867374054846  
1.2875859158504865  
2.437271453203635  
0.5998540875559816  
2.490412870969122  
0.8734137328089031  
3.311771864158991  
2.6728523679495493  
0.8264990456562454  
8.416635767843678  
0.7052717168583522  
14.230937506638607  
6.750972507653722  
10.873929471945418  
0.8459248130153335  
0.29612199538729955  
0.4757200385081817  
0.8836505765909108  
3.950411269860832  
2.934078944415361  
0.4112629940090151  
1.7641307136074342  
3.597133988454204  
3.3435714175360287  
2.008653012243977  
0.2219855685908989  
5.420094046241769  
1.175846115864268  
0.18495849639161843  
0.5368442799386419  
0.12091881386904757  
3.2148954359519086  
0.7981523355416992  
4.577564944941703  
1.2650919053218272  
1.676017000634142  
4.894211105446841  
0.3781691153254024  
1.2161845400053994  
0.7304417872688207  
0.09603385210776028  
2.169234888964872  
0.6448754002362389  
0.7860335434440396  
0.5082848543969037  
0.40336883253103695  
0.7328699643216141  
0.5094698045312568  
4.669483804631352  
5.353868750175622  
0.7054440624203767  
5.147893982747726  
0.2971421408261232  
0.5378662897525449  
1.064517822511149  
1.9497353966017346  
0.4018863950214252  
1.3670165233007847  
2.226691845992093  
1.2171789007163896  
0.9952950803891358  
5.094671290595723  
1.8575976464869026  
1.2173754890195148  
0.31367636314783565  
0.6279223697574943  
0.3575662162199317  
0.8604916172077537  
4.6949798111072365  
7.225399029028101  
4.695217349915001  
0.8142437477623138  
0.332160460368075  
4.3514150141636705  
3.7424879815621424  
0.9993246260478261  
1.2131179410735742  
0.7855722888151812  
3.5840242649745555  
0.8440623405526787  
0.7482695789321148  
3.436903683906853  
8.218575134526787  
1.4333948852906149  
4.581267482843196  
2.865211731736031  
7.275538996461223  
0.9865717335168084  
0.2625155412067981  
8.301817438559707  
1.909754661448504  
0.7208555376803011  
2.645556196231408  
0.11992920047779743  
4.968979580605604  
2.3227759394279373  
0.7264077456921675  
1.5792625889238132  
2.0301369606115087  
0.38528630026399835  
1.777150573754502  
2.2738271363839964  
2.1720306942498073  
2.3618183106330264  
0.3969830211031117  
3.4984717874656015  
2.0068683459156302  
0.9882467208784385  
0.31875212784851226  
4.320110922285073  
0.6837900050616935  
1.6886210763716436  
0.5209062867910258  
0.6846638475468958  
1.819951362463204  
1.290256014063107  
1.8726003816840975  
0.139489794446368  
3.365758899235416  
1.2988050620796  
3.9728765657690737  
1.523806106197606  
3.4607380579138787  
1.7510729208928322  
5.9224145509109425  
0.09637434638528619  
4.574553061573794  
0.6923291618499056  
7.5671187444022845  
1.4362267472394525  
4.912815099255735  
5.932125998972674  
0.4328686847419716  
2.1624499482324033  
4.643930223108347  
2.5339319700267233  
6.09441581409465  
1.6509271907982375  
2.6796183220005987  
0.7252672029995938  
1.317346395079391  
1.6123500824318515  
0.4925624834876574  
0.988810924529307  
0.19473394828708468  
0.3380310950986454  
5.166990078718067  
0.17367979192788874  
2.248261119704878  
2.5624400871447293  
0.5771112017422114  
0.29771180324000557  
17.440535106657965  
5.367525044068053  
1.4862566820096763  
0.2560294959594783  
6.451865474760771  
1.7513857047338681  
0.7377578368890414  
0.2988197230600398  
1.5534905999240372  
1.166183045434216  
1.3117759436001852  
1.4756443769944312  
0.1400414965494423  
0.6089172122563352  
1.8144586053888885  
1.7770048402690168  
2.044718763983297  
2.0441648960875747  
3.3193557142822794  
3.220642404436247  
0.9642992746764473  
3.9120193170074646  
1.4554925340662106  
1.2202198889919247  
2.101303089143741  
2.4641844083804934  
1.9509149294830856  
4.894366365066616  
3.5065754756188228  
2.3230334871441856  
0.2768299022721632  
0.614661046126086  
1.4583106803712527  
0.28327332593020005  
0.3574821466771183  
3.3319461433830937  
1.3324826809098134  
4.830607720294674  
0.5207235495142515  
1.066258605572648  
3.670257592321982  
3.3169561643976717  
0.5722147313783177  
0.039767045382765875  
6.727711814438705  
1.2038940601485026  
5.229823576632664  
1.0598395130874931  
0.6653366978095654  
1.0052281897273363  
3.3369218173703112  
0.19323581567848858  
4.9071800411632065  
0.9677205625257201  
2.587787088036522  
0.6160902048062855  
1.0522142412464408  
0.7051855116421146  
3.02590793815615  
1.2093125019988937  
0.3262657375468797  
5.070427441858919  
1.5901443388678134  
1.3575616975980087  
2.4380076362554988  
7.41788904904582  
1.460132804087061  
1.4797248578567013  
1.5024283767055362  
2.8319303275348235  
7.329165491064246  
0.9408224857214403  
1.697442758120435  
0.7326269528235202  
2.1934657441700174  
5.6975872359676885  
0.12084516181695426  
5.2090133091832  
0.7717487060724781  
4.0170255697458055  
0.6295140954795053  
0.09264751668628113  
0.08417161622203684  
0.4667569469618382  
3.482886495414733  
3.3934318407069455  
5.5057899507545445  
4.375153094735581  
1.3057350264442018  
0.9985730896717837  
0.08531124679143354  
1.199166091524431  
0.9425978323989864  
0.7791009227090445  
0.1786766287114966  
1.2092688933282025  
0.6429899963244862  
4.6406456019952165  
3.5081493024878396  
1.9206866875254054  
4.466763838629887  
0.4797678677326389  
1.0193514900184497  
1.8191800472056903  
2.424031870560048  
4.268006042254774  
3.4668225210971295  
3.723343946637414  
0.8733338338694913  
1.6239183943393827  
10.803754622210063  
8.712133233559818  
1.68896187756902  
6.259928467530177  
4.255133746693751  
2.6416475312875636  
0.6233968795237438  
0.1639628382268027  
3.042943641749554  
2.509399423753478  
1.7564506471404755  
0.3461594600236678  
2.023331513353857  
0.35271755204357713  
1.5984333075182793  
3.664937132723331  
3.5336322138743577  
1.1062186135486844  
1.8734346199862084  
1.663263559979461  
0.6644237393640645  
0.7007774002806971  
0.4256839737312612  
5.720391862835705  
0.9107856333314318  
2.047908530972026  
1.539970796961021  
0.31929461724191643  
1.0635608433740174  
4.649815041347571  
7.13813151084925  
6.659257194444218  
2.3025954422871004  
1.1756976211037384  
3.3990551347998026  
5.514785130632499  
1.0370630183533431  
2.6271369523117065  
6.555758347095813  
0.19016414591248587  
5.225220334988753  
2.4768738474337777  
0.4759797981102043  
1.1974088916639007  
2.5000867949661805  
2.6860676367066736  
1.4669436195412  
1.2019186960447876  
0.4748843985827145  
0.9795372425362964  
2.1024049019071374  
1.234681172643276  
1.2954536172339548  
1.9210581593866376  
4.768211658618523  
1.8048123327558507  
4.874911117413386  
1.168328305628033  
0.01848966836243693  
4.186013023240537  
2.272795367228131  
1.2586564059488714  
0.11738443655543995  
0.6463227350887307  
3.369323940167954  
0.07763012004456393  
0.9875384110273167  
0.21063558244408254  
1.9469825125637774  
0.5936128493340853  
2.093779526967729  
4.364798732628719  
1.803819905535378  
0.6946535441984675  
0.9094865789306933  
2.5915715187205812  
1.9285748381081158  
0.5534270573294642  
1.1337522124079735  
2.819454890185755  
0.6448343032656234  
3.862646868297523  
0.42665978895438383  
0.4293935949093969  
0.24695142277304516  
6.172234158326298  
0.40729592718231067  
4.561291354930433  
0.07485737041705298  
0.8618565742314066  
6.647701446919918  
0.6707019947654463  
3.2746429295644583  
0.22461710555814474  
0.11158278378429753  
1.9800645713343945  
1.8769778603463017  
0.1374453610801435  
0.6846595085341578  
2.9616301618053784  
0.26062133661737263  
0.14361397055885627  
2.871992840799181  
1.4169424618736075  
0.5217608811102475  
9.0865457283096  
0.760781385976883  
2.557962900246216  
2.7676805789773606  
2.6657728892823584  
0.8960536050976298  
1.5907443865354502  
0.30912586927515917  
0.3402268984094625  
2.02273529891199  
2.857304602079927  
5.492131336976056  
1.4778743942792383  
6.437902333459461  
1.0687235565333075  
1.5052377474295247  
4.50087659615877  
7.400391346534127  
2.813570186526873  
0.6446637525366256  
1.3016464679431683  
2.067022409502242  
0.8506597952127853  
0.4588467438071647  
1.3411343374343714  
0.49199485249517283  
0.21630055464318398  
1.4258595828364724  
2.8966632481571497  
2.8907776346335874  
