2.233831564656495  
2.1513691441741685  
2.2468478249735457  
2.2230994083284163  
2.268247476273028  
2.0511536453052006  
2.3070521517143234  
2.2512192212845252  
2.139098614804483  
2.1998552043914024  
2.2313077293537704  
2.3086887453415503  
2.097847258983825  
2.2828553816830572  
2.2395399758325607  
2.149294020252676  
2.1898467798658023  
2.2027741534945737  
2.2292157830500585  
2.188959108901554  
2.2178700672412335  
2.086138577454189  
2.240158499678725  
2.3130186430703388  
2.2165795627774076  
2.24165901963562  
2.2515906954306115  
2.3035328275302254  
2.269922588141816  
2.2694485692362405  
2.180374070057546  
2.152550092848137  
2.226523376091773  
2.2628264367519857  
2.213497996579311  
2.199313542669393  
2.222147492477618  
2.152054125723904  
2.2657093081404427  
2.169436176359013  
2.171940978964257  
2.2086778153029982  
2.104402949531671  
2.259381775306852  
2.2133212460038947  
2.182728664035035  
2.2060936905397885  
2.1349711052126814  
2.3230268202563455  
2.2051187540174926  
2.259422050864019  
2.3003957379191706  
2.1030579480101084  
2.2190601431817294  
2.1403056325697998  
2.08681676800221  
2.1999798889476136  
2.1889993508874226  
2.11051187546196  
2.124595750044186  
2.03173558552144  
2.2676750441885463  
2.099767291496778  
2.175766333185963  
2.224616745862401  
2.218062498724481  
2.1074284197091733  
2.1367231349413545  
2.20970300794393  
2.3446888438233207  
2.2671045473230973  
2.0529777547027233  
2.236651655215623  
2.169825987860558  
2.2131604081588776  
2.166167218018737  
2.156531847171513  
2.0726755589779486  
2.1739394202869375  
2.206857770038476  
2.193466417297931  
2.144506124352883  
2.1374934834121735  
2.270351889317424  
2.2707564641829205  
2.237713737835118  
2.313111504916705  
2.314783714496482  
2.2024548983925607  
2.2204026191339223  
2.128500227556078  
2.0663296291621327  
2.179006752366147  
2.318981892433292  
2.242564302704647  
2.2739953781610023  
2.1474374656272124  
2.2859227000636797  
2.363674457107211  
2.3628716897556328  
2.2001466375739875  
2.140171457009279  
2.1281498543981185  
2.211421706614965  
2.240937309234889  
2.1696995687590426  
2.262090425891812  
2.1164378402773294  
2.2194640564663035  
2.1655750584783817  
2.1825936844977076  
2.160319875206574  
2.112582377616028  
2.167781577591541  
1.949979519220532  
2.052569380679353  
2.296622202766718  
2.2428848090883435  
2.041166999486265  
2.2309108540709026  
2.146476026429157  
2.1931377264718726  
2.221050067947396  
2.2064665135183485  
2.0910932274702336  
2.18422074607358  
2.165286199507898  
2.229387430615458  
2.268936818435297  
2.132322457024151  
2.221659831680308  
2.144391898490423  
2.149324245479051  
2.2915149537701844  
2.2824176671512415  
2.189135494271686  
2.2957279944116844  
2.1345667635961627  
2.1907844267594676  
2.1847061235766434  
2.283537704780786  
2.1578103703827414  
2.102214462892185  
2.386506963311889  
2.202327849728907  
2.065004363383504  
2.226484535622822  
2.2038697659146864  
2.3246046550551545  
2.201288486349108  
2.232481193419094  
2.176723886804564  
2.1684003163973022  
2.175856770728997  
2.211601955237535  
2.0249023391178347  
2.306424320636054  
2.1682440904290705  
2.1418521880516663  
2.2405161290438866  
2.1820717607416227  
2.364050631748897  
2.063511848407787  
2.2891455769543483  
2.036473141268868  
2.202706536639119  
2.239494218751831  
2.221949135664283  
2.217571544727254  
2.1599750926899666  
2.229189038197676  
2.0685226662031146  
2.0523847703624134  
2.238911535062079  
2.198203114860301  
2.3188878721798054  
2.2133551831494755  
2.1631686784134634  
2.186536377577051  
2.082186547072493  
2.1846034167069424  
2.1648698024980764  
2.162178673752094  
2.1463452052061007  
2.2763930764591787  
2.254667924166635  
2.275194347978234  
2.212347132007456  
2.205179605072909  
2.176367701541703  
2.27828750663095  
2.1487354704367303  
2.1696619027752075  
2.1925424357733587  
2.243288575767253  
2.15582936408634  
2.2040144213164905  
2.0989067323799984  
2.228619651842979  
2.0865116009973383  
2.129679119377191  
2.227303555763444  
2.259115711874577  
2.262540995685957  
2.2197421554809376  
2.319513454636177  
2.264283872142796  
2.046586433854145  
2.2647522865826057  
2.264658101924498  
2.120282767571358  
2.2732901268452155  
2.2926264656730186  
2.2642199376454597  
2.2890761439350715  
2.2524955925163623  
2.199201648274423  
2.2151744020269093  
2.234361944647572  
2.1669757579678004  
2.2471341989367937  
2.257534691379903  
2.1666136134801035  
2.2727126235374544  
2.182583036995892  
2.302822027464742  
2.1024187892372566  
2.234301033166802  
2.0781708696402204  
2.0820050842449183  
2.1563014429406744  
2.2425981603964837  
2.2129672844653574  
2.1373430866558967  
2.1980263027608755  
2.1700203854956563  
2.1907315471293867  
2.239095898945813  
2.260158618759163  
2.3338857288819446  
2.253454800692359  
2.2558482725619524  
2.1047546799336105  
2.142387566404448  
2.193424686884891  
2.078308204693055  
2.2648564389039865  
2.143987786492361  
2.258775226709919  
2.300987116999194  
2.2160287035611583  
2.165190351344235  
2.2684451732404156  
2.160884927286845  
2.271245539736416  
2.163235023157072  
2.245265005126133  
2.2491313954595813  
2.11816186043542  
2.184034916758982  
2.1452538768804277  
2.3166014160641804  
2.166935868131179  
2.2466303026063876  
2.141979273622853  
2.1540053903122436  
2.2659336840359883  
2.2965231212595754  
2.1841210446936055  
2.175282442410921  
2.1456047755918894  
2.1488719863151973  
2.1895479294607605  
2.2753675612214694  
2.2321236606132357  
2.1740722815564393  
2.1789165995671462  
2.3118162042278856  
2.2364683420152907  
2.298899393679104  
2.2577652228188834  
2.2443203568575387  
2.1233708019612494  
2.1564551260939506  
2.2342554027847545  
2.277185909546479  
2.1446779803781575  
2.1211549668879432  
2.318853799222111  
2.2233472458027896  
2.0781672903672255  
2.2415631899688173  
2.217493549166308  
2.137057403831479  
2.194584727204225  
2.2263592345801815  
2.181708145867655  
2.2143881144452586  
2.1704412185998687  
2.187702786521125  
2.2803194468721624  
2.0651212784447104  
2.0764619265129824  
2.100876807326319  
2.215311516454062  
2.3344063130216086  
2.1853156472243014  
2.22855264829492  
2.238651341721167  
2.098849359471704  
2.143310116440607  
2.201521983660272  
2.1939876547455017  
2.1962177733836117  
2.2209500474307275  
2.058342515335976  
2.169966705939904  
2.244964245201436  
2.2685193687665914  
2.135058308166973  
2.2836158559576676  
2.3863451575465264  
2.2141884471390414  
2.1572307385198806  
2.1618968648762085  
2.230917122376938  
2.2465672066187685  
2.1902941721924876  
2.269809962737422  
2.251859838450458  
2.2416155563058164  
2.3025762083073036  
2.2861413777990354  
2.2568756759725748  
2.206601029745754  
2.1356181781347208  
2.1519070411377625  
2.1974861773278063  
2.183862590290947  
2.1043386272085813  
2.172316028917321  
2.1827057256184674  
2.1352233684357986  
2.19411010162414  
2.1862594857662434  
2.241159629696515  
2.2252945324211026  
2.1369947246398056  
2.1617187269022375  
2.145461712730181  
2.241948054373179  
2.1993852497871793  
2.2080495520086885  
2.1876498981631247  
2.233771617393843  
2.224005406588517  
2.2469986356046627  
2.3120811620809256  
2.2919293080851832  
2.1314514339069692  
2.263164538394429  
2.1260678411486356  
2.105454529044829  
2.153842197438951  
2.1631064563464975  
2.2824033922034035  
2.1577564611459477  
2.1844401089086047  
2.264175591506122  
2.268838072711951  
2.1126504235343195  
2.1945002985750546  
2.255656656615825  
2.195827459978241  
2.2487592811610204  
2.195921557459116  
2.242681458730398  
2.1948329579490142  
2.190110077371526  
2.360793170703602  
2.174704613153673  
2.2507363668617213  
2.238986127490008  
2.2737775383676864  
2.2229152344619414  
2.2391578443701388  
2.3129792065151675  
2.2252377307241105  
2.275559487694466  
2.2548118532421113  
2.2467430518352853  
2.289293737262056  
2.187645322365072  
2.1912765084142425  
2.288688251953688  
2.1494060013739587  
2.1679635672633273  
2.230368502570556  
2.2377435118635405  
2.265805673983641  
2.2082242198194546  
2.2344752359348963  
2.292225153423943  
2.1369460958797606  
2.06872057370134  
2.19063297198501  
2.0637963864939177  
2.176847595691935  
2.2077181673491784  
2.3245765343698044  
2.054330350674569  
2.1918450362396618  
2.0703598729394526  
2.206533901342243  
2.250235884649164  
2.1511820124790266  
2.1784187648747433  
2.290541959878769  
2.200959477420483  
2.149366394553254  
2.118523728478533  
2.1656120730569794  
2.1333704740979815  
2.2789971556734168  
2.2620073151021374  
2.1783616634544325  
2.1521339074856973  
2.2196640018586535  
2.1522171096516445  
2.145330525147581  
2.185078242052461  
2.131779806483352  
2.2861659670478236  
2.265383598956747  
2.1390694194031936  
2.101140782260015  
2.156629314011342  
2.310368236661666  
2.1759473476428366  
2.1620390318398073  
2.362178541901295  
2.0899496170398026  
2.2274364731456435  
2.287317511710263  
2.216300032484475  
2.2881787038613224  
2.256812929929932  
2.275902529098164  
2.291203435147094  
2.092169218783181  
2.0348538413073856  
2.25115621877151  
2.425812407188663  
2.1421763028360945  
2.205731977217895  
2.1013287018571436  
2.1400138196684937  
2.2946819785927106  
2.0989246990423  
2.337035909839623  
2.2405031382142235  
2.2225498905117083  
2.310342057243236  
2.287390339842888  
2.220962350758726  
2.2207464145172136  
2.0775084754464985  
2.156400568777022  
2.1736258052443045  
2.1759579511830207  
2.2451916544601773  
2.2121751391388447  
2.1682864765504815  
2.2135768776881295  
2.100056986285358  
2.2169655517836087  
2.232956523129339  
2.3323301288311193  
2.1734808653772166  
2.41647935939152  
2.2143056789071474  
2.191780132794191  
2.106420014652185  
2.199523094125954  
2.302415284837497  
2.1124808130752726  
2.2194241348868418  
2.076861391040105  
2.252034777541826  
2.2330850997923974  
2.2497360603571623  
2.1776655331504697  
1.9987653138835602  
2.2043439407637644  
2.29581721543799  
2.230053495912405  
2.192576305047512  
2.124700111180625  
2.099534126059735  
2.3091740072237217  
