1.924849529013094307e-01
1.968972787140602643e-01
1.967183179204194943e-01
2.018823935582049756e-01
1.927503393168470414e-01
2.033307972219342841e-01
1.922959929295700032e-01
1.906251126496170956e-01
2.015803783097862567e-01
1.948925253502630794e-01
2.034946083318609489e-01
1.946321550544048151e-01
1.971162456374731253e-01
2.006607856863314998e-01
1.952425632736791705e-01
1.894455493657153655e-01
1.907219222948089710e-01
1.955340781186732935e-01
1.931769187100831342e-01
1.914890437371165877e-01
1.944918862994593212e-01
1.971510308891078478e-01
1.986243182649133909e-01
1.931842027395707373e-01
1.950982521290288985e-01
1.935212112628103553e-01
1.922812116198178711e-01
1.935028323205737477e-01
1.912696828190024179e-01
1.999083432000109406e-01
1.943700701289760857e-01
1.968410231039719738e-01
1.943769930976327331e-01
2.012908724285457640e-01
1.920687635272307625e-01
1.930727580420635026e-01
1.997758602220933710e-01
1.949907886780635202e-01
1.983565402272208511e-01
1.981056716043982924e-01
1.909649566522680364e-01
1.965551226333727142e-01
1.934321937043516904e-01
1.974957685141562891e-01
1.964580130927021939e-01
1.931157877314039206e-01
1.947722907378219570e-01
1.921707626551176773e-01
1.975697050815960754e-01
1.978476374635619595e-01
1.894151284026257820e-01
1.935305668262936318e-01
1.953421048183323072e-01
1.965453392782954001e-01
1.929019569813361645e-01
1.975858928931568392e-01
1.972617064546677290e-01
1.948390989888334479e-01
1.960991641910477812e-01
1.967300218153603397e-01
1.957751217835740354e-01
2.034283704309183261e-01
1.941013988769737519e-01
1.927283190257667311e-01
2.009635688724968894e-01
1.998065514698587064e-01
1.998393935716313852e-01
1.961126378194706088e-01
1.208938877838056092e+00
1.903188805136225847e-01
1.946652113852720967e-01
1.971227855555248709e-01
1.997385883043284460e-01
1.920664009348899415e-01
1.927509560073271677e-01
1.922631476426439334e-01
1.578210699042162657e-01
1.933353823056792042e-01
1.971885754540635416e-01
1.956946935525970821e-01
1.941835998783503492e-01
1.885796351248683889e-01
1.910803943662223725e-01
1.965579136971096763e-01
1.997638305468287800e-01
1.940371988003204429e-01
1.942785839202229303e-01
1.954099689586025479e-01
2.001692789017188168e-01
1.946867968862149301e-01
1.936484404497997025e-01
1.955406435011972643e-01
1.941426304225965516e-01
2.009649946364211737e-01
1.930526481448896770e-01
1.934883171974452754e-01
1.994879520159355546e-01
2.042209323353265105e-01
1.979015239515282132e-01
1.919094218598999257e-01
1.956960433095117358e-01
1.917151593550787680e-01
1.955880365392326237e-01
1.923460994343618169e-01
1.941655868742297730e-01
1.994889180930567441e-01
2.056269503087112260e-01
2.026913506857158098e-01
1.989789492007462968e-01
1.972800596976071186e-01
1.941269797134724806e-01
1.992783871651604422e-01
1.947223890722792894e-01
1.938597001365430783e-01
1.961872826572662876e-01
1.979307256210849353e-01
1.948490282924157380e-01
1.848597678881810646e-01
1.871520611410876778e-01
1.885816833857074937e-01
1.963821080713984146e-01
1.944398334237666948e-01
1.933810801543935365e-01
1.981554844105635205e-01
2.006408679162408337e-01
2.007565112710785193e-01
1.928091527124466964e-01
1.901523910346051283e-01
2.012396485500164700e-01
1.914779949390636171e-01
1.910130278644690816e-01
2.003931412050366512e-01
1.228579070269267159e+00
2.037604544380189064e-01
1.988300799631995130e-01
1.907036795387450911e-01
1.958495793256919137e-01
1.965224824330584208e-01
1.965029857404582414e-01
1.934146389816970013e-01
2.027467706627296695e-01
1.999880017448732727e-01
1.914544260642702389e-01
1.957472411300147652e-01
1.969672291784716200e-01
1.973545662822332181e-01
1.934591933451918488e-01
1.958752373275393643e-01
1.999667644692739443e-01
1.945045311463935167e-01
1.884692245517883835e-01
1.892768982409184231e-01
1.979209472853451779e-01
1.895964730368913387e-01
2.006839568838478804e-01
1.935652061047441752e-01
1.959503574933684211e-01
2.001177497592592780e-01
1.930612094838508874e-01
1.998487600290400068e-01
1.915289164390082677e-01
1.971217804406568130e-01
1.931185487053378169e-01
1.937095981335458794e-01
1.973927607571759335e-01
1.977843704461914598e-01
1.953366296875229391e-01
1.967012364885942499e-01
1.930334915233048176e-01
1.955904382971608846e-01
1.949984451433019461e-01
1.952721451378814921e-01
1.955867055797911036e-01
1.929855055711642842e-01
1.936881759087859811e-01
1.968001573826480555e-01
1.945243889910662494e-01
1.907288014244658547e-01
2.011272178193123927e-01
1.992408903195041769e-01
1.915368644131997256e-01
1.993709441985472286e-01
2.003854752271176931e-01
1.908667377162376888e-01
1.972993716975089129e-01
1.933212088488553415e-01
1.998859149334112073e-01
1.926872159648454763e-01
1.927608358109418607e-01
1.987050604225009398e-01
1.913841705501952428e-01
1.947039047494887321e-01
1.941044642014873312e-01
2.006794960908141745e-01
1.938633483357127540e-01
1.907809878695711503e-01
1.951028582240186271e-01
1.970437752178518520e-01
1.966055194626974978e-01
2.019323911756862322e-01
1.910666956133183492e-01
1.995066263218909508e-01
1.953117338457830143e-01
1.996586252865883149e-01
1.959340426865552320e-01
1.972970546815930870e-01
2.028934658676843916e-01
2.005105777564479275e-01
1.956544704129156709e-01
1.980977446249399809e-01
1.917371872180741732e-01
2.004638771017243082e-01
1.271403318051859355e+00
2.002743687006762474e-01
1.997624268951283255e-01
1.993540280264978759e-01
1.904581729215995556e-01
1.914157580029510475e-01
2.001730672224376062e-01
1.887240165633490563e-01
1.919168972414274921e-01
1.916512330105931139e-01
1.978535444068804661e-01
1.981012406994386854e-01
1.942968527261348111e-01
1.957879639128357330e-01
1.210223118305957080e+00
1.933473831923432362e-01
1.997935767037854748e-01
1.984688886790284545e-01
1.995145658715156700e-01
1.980741556158660266e-01
1.942842637630879665e-01
1.971589940485471704e-01
1.888653090214214292e-01
1.987089956967058590e-01
1.916011678164813159e-01
1.919968074500630895e-01
1.999261713309773703e-01
1.929950056983190110e-01
1.997725491715509338e-01
1.940178099064217843e-01
1.228198701033803797e+00
1.968272789017833091e-01
1.940589848580998589e-01
1.913521689454993624e-01
1.921798531151525935e-01
1.959884163945202484e-01
1.211024632110279942e-01
1.952994990151669386e-01
1.921222460753089778e-01
1.922811235792344087e-01
1.940774136566085217e-01
1.949316433350526956e-01
1.961713319963437341e-01
1.914097729164277450e-01
1.982348940342644195e-01
1.997030146111930249e-01
2.003832693061499970e-01
1.952075759433339053e-01
1.968037058708122788e-01
1.945580803165784245e-01
1.936946371442845316e-01
1.925985342494608288e-01
1.931079631822396336e-01
1.970193821015183144e-01
1.944931782895962802e-01
1.960934828298102062e-01
1.928185316362017454e-01
1.970177498736217225e-01
1.262726884041092124e+00
1.911020543531583293e-01
2.000308058174332104e-01
1.946680988276455748e-01
1.912906067441251801e-01
1.202245098584554972e+00
1.940933562812452162e-01
1.959860443323739321e-01
1.998795216941938180e-01
2.031706521452640857e-01
1.913073198409256104e-01
1.933293630750071157e-01
1.962903886201156078e-01
1.994417276791419502e-01
1.882123033820801150e-01
1.986310252795191467e-01
1.954479474782131188e-01
1.924103516368108058e-01
2.016559159737325857e-01
1.915840801523973347e-01
1.971094266348652202e-01
1.951011090942451620e-01
1.945260540562634699e-01
1.987431210378234892e-01
1.974152511798830667e-01
1.934648785940388804e-01
1.970882395060501724e-01
1.941347117486031948e-01
1.964158786395932277e-01
1.924060410686345979e-01
1.923411240927016541e-01
1.968867494643556926e-01
1.912105164507830191e-01
1.904248644040544003e-01
1.952362845466023844e-01
1.898546520443321894e-01
1.985064466708423014e-01
1.924020091783809061e-01
1.989365275214476092e-01
1.873771383276497948e-01
2.012050140911343654e-01
1.934901315702239888e-01
1.987932698822943989e-01
1.991605895113984503e-01
1.937144313328633960e-01
1.983547891142014852e-01
1.912320368987956432e-01
1.996288125126081392e-01
1.922990243749236328e-01
1.950122267017127820e-01
1.960332678726238731e-01
1.911094062523173154e-01
1.954363354771197214e-01
1.947279874821123691e-01
1.235610662700370233e+00
1.990974637764181265e-01
1.940878652969586227e-01
1.962814494669800069e-01
1.897295228863079553e-01
1.915246019644896991e-01
2.008524260686333773e-01
1.242300728792622433e+00
1.966184651620447310e-01
1.889443641338014734e-01
1.901877077493179802e-01
1.928007622845569202e-01
1.982625111653369687e-01
1.975015183246749961e-01
2.002074226279174085e-01
2.018121127137547932e-01
1.944238863099397308e-01
1.978676664245351824e-01
1.968466973785961416e-01
1.975357626821853951e-01
2.001648856284974354e-01
1.940440168527180209e-01
1.929323203625137595e-01
2.034778486209028459e-01
1.972321905355736982e-01
1.920027212356194279e-01
1.961529090507225515e-01
1.955908209031262113e-01
1.964511156146097060e-01
1.944066472493769793e-01
1.907483715988722850e-01
1.980400407575883537e-01
1.264978386456374615e+00
1.900758005720264154e-01
1.911957826153401485e-01
2.003611443653083579e-01
1.986865743027654285e-01
1.162214916232550799e+00
1.926421169707532577e-01
1.992154733657906518e-01
1.981789702401013931e-01
1.948732081709706743e-01
1.950521908457164000e-01
1.947329317000011939e-01
1.993720483860474124e-01
1.925792339556166022e-01
1.964242940054832798e-01
1.983290086179659850e-01
1.931463321752762141e-01
1.964817819662088016e-01
1.979426875553643717e-01
1.961630705720474044e-01
2.012447231106174461e-01
1.992770834380567513e-01
1.942086555781427359e-01
1.946567154752795181e-01
1.943519218990253095e-01
1.965115513819336857e-01
2.030634142091468086e-01
2.004406200520610359e-01
1.957678112021517536e-01
1.964112392095597182e-01
1.941149224132022455e-01
1.917934445969413093e-01
1.955408714157263195e-01
1.888397992015009019e-01
1.947480641147793512e-01
1.933194616748989680e-01
1.248739238156280074e+00
1.314011805216419138e+00
1.897573038528254930e-01
1.962856747718867423e-01
1.987684409657191342e-01
1.934017937878915738e-01
1.964106247900886670e-01
1.950520726444844588e-01
2.002623378820675426e-01
1.978824338125866611e-01
1.960578600541452443e-01
2.003044386490116791e-01
2.007976242955159529e-01
1.998061871935583045e-01
1.943370323296082780e-01
1.964005848315757696e-01
1.944542455216820842e-01
1.956548060126688526e-01
1.892079844469289063e-01
1.978918091494125953e-01
1.939780089173870070e-01
1.922538078912262305e-01
1.950450872790187584e-01
1.953422867772478810e-01
1.948895236435342349e-01
1.937861648535187664e-01
1.905902555110046692e-01
1.976529514550187383e-01
1.994575886347676741e-01
1.981993669994666085e-01
1.888947074658610670e-01
1.985691934967304673e-01
1.975849489270047887e-01
1.873031975830383722e-01
1.960459542888643991e-01
3.470104609389388917e-01
1.950411904531548779e-01
1.925412207874528381e-01
2.002416522914852726e-01
2.006953275553567395e-01
1.957399355605820290e-01
1.949497589427115207e-01
1.917821645270882391e-01
1.983418841777312702e-01
1.936521471625335111e-01
1.934000119494600767e-01
1.245810749773969217e+00
1.960388431161911860e-01
1.959096712822313846e-01
1.987545961557811436e-01
1.264629082240546154e+00
1.987098593088296727e-01
1.921850985358472819e-01
1.942107823227951502e-01
1.960607824273093158e-01
2.017926637081097485e-01
1.952538716971335409e-01
1.963622687049919602e-01
1.887754950802160714e-01
2.013799988115591577e-01
1.953260500721459847e-01
1.992209232668947783e-01
1.982741658678929542e-01
1.966584137078779271e-01
1.930424779886029119e-01
1.996880591575390940e-01
1.998891729556807051e-01
1.993642133827536189e-01
1.949758294182403484e-01
1.950340988081512017e-01
1.891213389478210161e-01
1.940004334213499826e-01
1.911702893808110426e-01
1.999219959861009699e-01
1.966642364356953609e-01
1.935514067186777099e-01
2.028023597239614340e-01
1.939404896267476752e-01
1.927939493585659192e-01
1.951570689834076777e-01
1.985458570736079176e-01
1.942070584619575713e-01
1.948697439115280872e-01
1.946053399624315394e-01
1.923493372227622622e-01
2.009203577963624976e-01
2.002060838624581396e-01
1.962180618547400834e-01
1.965872281306471070e-01
1.898683649276177443e-01
1.926648615790528540e-01
1.920089597248073321e-01
1.919552904404614457e-01
2.015719332409546816e-01
1.983163371998614422e-01
1.902442475058233329e-01
1.912640106090023606e-01
1.952947658909337247e-01
1.969466125072185103e-01
1.930771843361043238e-01
1.921878958590907127e-01
1.947342895372856375e-01
2.005637541960408055e-01
1.915578150748792619e-01
1.905329827757969441e-01
