1.971143655807932327e-01
1.922320884040309152e-01
1.955197317929361078e-01
1.966879813310290492e-01
1.941139480995477673e-01
1.892165495306199763e-01
1.921526508024800350e-01
1.884866443902417921e-01
1.932350609389103524e-01
1.943246871187232772e-01
1.997906464250248093e-01
2.003256189038571389e-01
1.949346784996661419e-01
1.966135492988934919e-01
1.935798122229817897e-01
1.933508814532481634e-01
2.011486772160937520e-01
1.955306692648478284e-01
2.020370149845478192e-01
1.932088904358042480e-01
1.901909252601832467e-01
2.002113137112909724e-01
1.905645545641639627e-01
1.982319108317331380e-01
1.928733583020250941e-01
1.924832916165578611e-01
1.902442878682862049e-01
1.982370660031893550e-01
1.979983322737342566e-01
1.972212771386313845e-01
1.976120585490290238e-01
1.942948984268377532e-01
1.957799846830572121e-01
1.899779634114401594e-01
1.950309108807212755e-01
1.906909637709375827e-01
2.004329972491701861e-01
1.968662090264852726e-01
1.945575858892363008e-01
1.974439701868896391e-01
1.958551786899677405e-01
1.996571891758678607e-01
1.976033475949653673e-01
1.957619881435800624e-01
1.936990978849514322e-01
1.957995410926874624e-01
2.018862637364597368e-01
1.933102669825645104e-01
1.948583408344083112e-01
1.912564884599856907e-01
1.959156377835472584e-01
1.954824857326279974e-01
1.902500235503542247e-01
1.981320652488461065e-01
1.911111122388771955e-01
1.949714329490890852e-01
1.893522657584375546e-01
1.928822095287529570e-01
1.998032241213177906e-01
1.921043167616502678e-01
1.988601947445342577e-01
1.933748848717598001e-01
1.973806773970136208e-01
2.002697705046732890e-01
1.955363454795592260e-01
2.005238330797993740e-01
1.978078437030726389e-01
1.842892395530994487e-01
1.967192440124899133e-01
1.929253097072869683e-01
1.887283267981696711e-01
1.896946361920363033e-01
1.971077738856326644e-01
5.458457399699463419e-01
1.942665441714199748e-01
1.897868732444079609e-01
1.942521119402429441e-01
1.913465639561117426e-01
1.951242050968347574e-01
1.981758443762177135e-01
1.944456913068699777e-01
1.956920104576783670e-01
1.905611021440881958e-01
1.952348021887669316e-01
1.982299113252650458e-01
1.937569952790137162e-01
1.953852199574907245e-01
2.020620448896535970e-01
1.902595633570366707e-01
1.942324066638070057e-01
1.868195645990043674e-01
1.898189182677834375e-01
1.931532218618847996e-01
1.920571164310242440e-01
1.953033317816375014e-01
1.945367148071855956e-01
1.954512800121009641e-01
1.906533937322854033e-01
1.955420311331630689e-01
1.939576104106779386e-01
1.934022542793376598e-01
1.921546939562343570e-01
1.932554056848847235e-01
1.932869378634185509e-01
1.980699488669059039e-01
2.065476005164058604e-01
1.948844235630327604e-01
1.921759226716843738e-01
1.923306055545283832e-01
2.037925860747338558e-01
1.956363994299278875e-01
2.003590829734138157e-01
1.896155252522011836e-01
1.897843432663131880e-01
1.960559268765250385e-01
1.923077292695147267e-01
1.952473444708013872e-01
1.953114744859808238e-01
1.962979999647347373e-01
1.943174406612090677e-01
1.929050159903554496e-01
1.987413076255546696e-01
1.984830584923371055e-01
1.940074196315249300e-01
1.910005649446505638e-01
1.936780299954221074e-01
1.908628230553120197e-01
1.973726633780491513e-01
1.959909719506706116e-01
1.942984864404162237e-01
1.955358101465257126e-01
1.933268295456526398e-01
1.930211572871541326e-01
1.894679296378111721e-01
1.897133831084585054e-01
1.990359702669018405e-01
1.874697708709578969e-01
1.971998419104998013e-01
1.961967006065702679e-01
1.959847560699129743e-01
1.970264993057169733e-01
2.002128055625769232e-01
1.922841783600248711e-01
1.964320949722788145e-01
2.004438802355706373e-01
1.951928182919299704e-01
1.896500728473181629e-01
1.970151722102639891e-01
1.937473117825013191e-01
1.908395995337352213e-01
1.907602962188649498e-01
1.968235465020608532e-01
1.953215842209301001e-01
1.965189533370682584e-01
1.966908718557848490e-01
1.939751376987173814e-01
1.902704377682762349e-01
1.980473957794496864e-01
1.912581821090685308e-01
1.925792045752003079e-01
1.890919823985771631e-01
1.949689074112825327e-01
1.993949884556875662e-01
1.911946064084571184e-01
1.976027084880351004e-01
1.980280937707572797e-01
1.909944140294166370e-01
1.912473026769471174e-01
1.951830096684971927e-01
1.970648850791313078e-01
1.998312713769639926e-01
1.948592610868008224e-01
1.959712560921627600e-01
1.944540542785281323e-01
1.943193449584635912e-01
2.014245176915702151e-01
2.006419690720998572e-01
1.894005820178807364e-01
1.992718682210896375e-01
1.930202406003289350e-01
1.936496689744901245e-01
2.000920787734345174e-01
1.899625304688583871e-01
1.993847801093062977e-01
1.918203633013161047e-01
1.967846453475480539e-01
1.981832991355161888e-01
1.936786569651452738e-01
1.884816674057023522e-01
1.988442561418935495e-01
1.975119419317425129e-01
1.970325519949658322e-01
1.887530954529825777e-01
1.998303576417736482e-01
1.929364309104323050e-01
1.919923254689541725e-01
1.977956005324118804e-01
1.922379150683395932e-01
1.977454628194291186e-01
1.976308737833321894e-01
1.896673304673753835e-01
1.936015048477931488e-01
1.963303354025082159e-01
1.974196986533594544e-01
1.921174130901379951e-01
1.881311104625297270e-01
1.949296415868453924e-01
1.943748520365673194e-01
1.964013860224309849e-01
1.952849271255129304e-01
1.917929000621318436e-01
1.941906140619798216e-01
2.015144249513107777e-01
2.026480759183251767e-01
1.995371215748943106e-01
1.976800438225570777e-01
1.909074635047070811e-01
1.983926340923243548e-01
1.894953841253636806e-01
1.978746639209818803e-01
1.995747711715780415e-01
1.932846007477442563e-01
1.929513123449468903e-01
1.968470901147862384e-01
1.978809491888399164e-01
1.989983644929265716e-01
1.877574806342067748e-01
1.930224828400982084e-01
1.932201173799007465e-01
2.000994635897624385e-01
1.949462706486392860e-01
1.941119655533151689e-01
1.932492525362792535e-01
1.913567063224038411e-01
1.972746341495676681e-01
1.921405772247163912e-01
2.005184081311479904e-01
1.946367928680056425e-01
1.968055157044985015e-01
1.901522844883683505e-01
1.977776064459943473e-01
1.859407808916167248e-01
1.917539748986443471e-01
1.993028285088788154e-01
1.882293441962760439e-01
1.932914577420680735e-01
1.960615858510721121e-01
1.855410825469148428e-01
2.009793652299354805e-01
2.012341947143809207e-01
1.988844938689165454e-01
1.990648450626900101e-01
1.976466173569836060e-01
1.961416568792334614e-01
1.965374672024685354e-01
2.004764958753959547e-01
1.984542149670357469e-01
1.968889376346771580e-01
2.002996902644171018e-01
1.934918562601991299e-01
1.899752254885745117e-01
1.944006661661712709e-01
1.926042364361507664e-01
1.952982896193816986e-01
1.995822122428370371e-01
1.967046325111583005e-01
1.975563723951895001e-01
1.928127927744505143e-01
2.012186931612530427e-01
1.929754542317382027e-01
1.985224845300394836e-01
1.939569239665424327e-01
1.998836867235867509e-01
1.960133294849354946e-01
1.921665456816933903e-01
1.962222239788410372e-01
1.985389597427697217e-01
1.996140109478143354e-01
1.932909236901970695e-01
1.938262355273120963e-01
1.949499797309828253e-01
1.909611522709239173e-01
1.983730129271394083e-01
1.943717873991916145e-01
1.985806326049762427e-01
1.978036885068851503e-01
1.857725044547235416e-01
1.898558596288663636e-01
1.986170878190285927e-01
1.944911181380089560e-01
1.945255318136849820e-01
1.971515264488310770e-01
1.964047795410579222e-01
1.955517574406030468e-01
1.972385422384580200e-01
1.931854698799729819e-01
1.916650902515063815e-01
1.857641242630285738e-01
1.898029247886550697e-01
1.988934966006072613e-01
1.922067482282906470e-01
1.929267679279640102e-01
1.963482118792048703e-01
1.975605253865445610e-01
1.987596671727738240e-01
1.943499566126755118e-01
1.940647822204270845e-01
2.063072779718397309e-01
1.960371253126047819e-01
1.909965481350783811e-01
1.894721170096604068e-01
1.868270567197618248e-01
1.879865196647991787e-01
1.958143743461449038e-01
1.975003456497534116e-01
1.976831018088930358e-01
1.977949331807627720e-01
1.951267517776863469e-01
1.966125863426625431e-01
1.970584662142418342e-01
1.920210076810114908e-01
1.915306649928376070e-01
1.944791090227212527e-01
1.960085472899282810e-01
1.883591907600539739e-01
1.986349243666891140e-01
1.908926945815530019e-01
1.916655458365431608e-01
1.948924850998260128e-01
1.956756319785462606e-01
1.921932750326618700e-01
1.879368137975162556e-01
1.919194038233685284e-01
1.965135341066338859e-01
1.937042082875768401e-01
1.973458083553696341e-01
1.945849353497985101e-01
1.997439386325595423e-01
1.972482951518334526e-01
1.927936367656113981e-01
1.918097330460174499e-01
1.931949927248605703e-01
1.951872630420259658e-01
1.903357767283233304e-01
1.934666277128006817e-01
1.921432686073437923e-01
1.948349545285872064e-01
1.928383838399709560e-01
1.948026351920045529e-01
1.976742467409980386e-01
2.040111793792767081e-01
1.962181341671413448e-01
1.942658218621346466e-01
1.996667978017160894e-01
1.986681042419338739e-01
2.007323075685945590e-01
1.998250761957801602e-01
1.939489678042446708e-01
1.976083021631714898e-01
2.004116871340541339e-01
1.968651258817198380e-01
1.833234506841739386e-01
1.992167520352345067e-01
1.864323215460828020e-01
1.913284821008544301e-01
1.971716033104740917e-01
1.920025456913121709e-01
1.963812650871179788e-01
1.933142713643830890e-01
1.935594284887917904e-01
1.947077194486789564e-01
2.016630156451346967e-01
1.989972215064607919e-01
1.902260633670043166e-01
1.966028925832904173e-01
1.970724208621953133e-01
1.970022585861197495e-01
1.936228851658233774e-01
1.945811325459260444e-01
1.889033903660757019e-01
1.961451740427686552e-01
1.961892703292248685e-01
1.879520181474776952e-01
1.950318617923332831e-01
1.956927669172928985e-01
1.875282667906622014e-01
1.975827566880400676e-01
1.962212508279456424e-01
1.953275371360034540e-01
1.898328875919823300e-01
1.980295261059193124e-01
1.920758893875230133e-01
1.962203392017037584e-01
1.930248480275983392e-01
1.891996877919864262e-01
1.980136779814351267e-01
4.053044938793227137e-01
1.899683510913542372e-01
1.918706964015780003e-01
1.916172133424003665e-01
1.959015757138840852e-01
1.954884197267399426e-01
2.023987131706232734e-01
1.904195974369271849e-01
1.921247958342938988e-01
1.962248306480910420e-01
1.974379386077787513e-01
1.922089746850173253e-01
1.960935049434974486e-01
1.936733471920921157e-01
1.914050817956610973e-01
2.012613925412300164e-01
1.896848410840516752e-01
1.933134215055706817e-01
1.870320399847774928e-01
1.953576555759703737e-01
1.905726759932103442e-01
1.967233402420849875e-01
1.977932552065782279e-01
2.031381246732455736e-01
2.020098974607293929e-01
1.949492035638522858e-01
1.961992919194095186e-01
2.037316306896210516e-01
1.901165180316790326e-01
1.969648418969117687e-01
1.891942488462795835e-01
1.930720035669422352e-01
2.007336714337253636e-01
1.960459516459070461e-01
1.916997999806406283e-01
1.937730541263606165e-01
1.929853494518945223e-01
1.907653120599163699e-01
1.968212323698030342e-01
1.916987363149144918e-01
1.941780958693127279e-01
1.973155682190187443e-01
1.935538604535202711e-01
1.985860303829433127e-01
1.959400222341921571e-01
1.970672589918952833e-01
1.932421800947989321e-01
1.978242100679931947e-01
1.897625604622164286e-01
1.991154548521669176e-01
1.979978787262488826e-01
1.931347708845481126e-01
1.958717365203671013e-01
1.969176753011821490e-01
1.925794485677151391e-01
2.014700988665384940e-01
1.942510230890258649e-01
1.929651140901113837e-01
1.958187746531340478e-01
1.942947825711004439e-01
1.904827660272346568e-01
2.052338816845805658e-01
1.956989570027988790e-01
1.920593032439726622e-01
1.942301084887494145e-01
1.961580599089079724e-01
2.003369947291449016e-01
2.051764628110900324e-01
1.933671015468800547e-01
1.943608754215536139e-01
1.912984024652027160e-01
1.996463423434585438e-01
1.995561502203223592e-01
1.934851032002426197e-01
1.989521437492389744e-01
2.035621191432861188e-01
1.913738923376747114e-01
1.939932696923504785e-01
1.952808624504354662e-01
1.949177685274339211e-01
1.984180160193368680e-01
1.935537710371308673e-01
1.859507202193079745e-01
1.994130113775483548e-01
1.957113629153439394e-01
1.964379440947265909e-01
1.978806520161395799e-01
1.979804480154887247e-01
1.953507925231245390e-01
