0.6158612899800131  
2.290265785369794  
2.6242337589364118  
3.1960280577841615  
0.8722578437173945  
2.299621425796372  
2.7225205295471233  
0.5108667895918684  
0.8529269326143618  
0.820138977285112  
0.9468000698741319  
1.491771527876995  
2.3433313287320123  
1.420176409791174  
1.0377571605933444  
0.7233732664387538  
0.09386386422711723  
0.8438993861687116  
1.5101978847869346  
0.05716308335675935  
2.6480245194242302  
6.5407835695601495  
1.8625387103753055  
2.110443408421636  
3.466493957808958  
2.717674564738337  
5.196694100460741  
1.2656288692434958  
0.09793233445691829  
0.3444389216041732  
0.4752794311408626  
2.0442176517203814  
9.442163740068054  
1.1534924704169724  
2.9265687021786113  
0.7728773638728037  
4.029341420049681  
2.359666782764158  
2.478003544632157  
0.6569440515704961  
2.309074807974243  
4.314330260104793  
1.0004212327798578  
2.445750369039823  
2.0345941808104118  
4.653770689131386  
0.45545612963155957  
2.4521655647876783  
4.293932235716602  
1.1694201664793402  
3.51256635526761  
1.6403891456301056  
7.29090458902154  
5.548424290481013  
1.255460925909635  
0.8737646690437639  
0.42395831568904363  
0.4049243102032696  
0.11515441129109627  
1.1266571260610259  
4.087561839915111  
1.8660928345514027  
7.606898775681669  
2.2381042398699647  
3.7301245774356673  
0.25130932036337983  
2.557043835216466  
0.06868186430024625  
0.32995035715797094  
2.9736665197038326  
0.5029639319194978  
7.679838140731343  
0.16155123343530864  
2.616467403159417  
1.7369031101085897  
6.18233312025872  
2.1131635005504523  
1.5731764399292802  
0.033673133095046826  
0.37839831245454203  
5.361101713763339  
0.9995172746283143  
0.13420251461306876  
3.3911022385767153  
0.08061837179202946  
2.6121309897254585  
1.677555808679787  
1.5739452212046645  
0.6815102876247092  
0.45639786688714823  
0.3235905011453655  
6.435988038663654  
3.4625454295794222  
7.7163701982635  
6.149202140118637  
1.5960302621821687  
0.8192051697366698  
4.401330501812783  
1.8803048735240746  
0.010610091434348767  
1.2253613398055752  
0.9648683757478849  
1.083826510524244  
2.1697343286243287  
0.28934479797994017  
1.9118507321850609  
0.687592196236908  
0.045102699877985764  
0.9393075447257093  
7.346887805856605  
4.064041135818009  
0.5989922148699756  
1.8575623913206885  
0.23325356131057573  
1.7565963771679738  
2.4536047975287967  
4.947631804804109  
2.3168140632330747  
3.019692787821049  
2.186755703492471  
5.538064212418514  
0.316294081328683  
3.0264277417778263  
4.260353492936753  
0.38362338631360293  
3.959498572220599  
2.784122033366243  
0.004575996433764384  
0.7497615179638761  
0.6109303196964788  
5.18671586795686  
2.477653635978194  
2.329389723572639  
2.304514522813883  
1.896495888542249  
2.3729791659771737  
0.8843494297585908  
1.28164737616826  
1.5556813293076122  
8.615600772324738  
0.49105334953684077  
3.6826974120189537  
0.049533935281431685  
4.424983517710945  
3.5487527266975127  
1.722837065346361  
0.019551546482543536  
5.266331204852525  
1.6857995684860239  
1.819137162668194  
1.4475789049474552  
1.5958141489506916  
2.0404958901041104  
0.2768089861348244  
0.08451967118183745  
3.7639241063948004  
0.38897289761431475  
0.9257611607806471  
3.703898170359432  
3.0382264957782956  
2.624764147219305  
2.8425072981623556  
0.5595649706127692  
1.3705596898943462  
2.2790919191044035  
0.6495687124114524  
1.2261490957255705  
1.7918391483546348  
0.19280440598963278  
1.266160371608105  
2.536049879464608  
2.363753651539846  
2.4445872243777034  
0.5933152132758468  
3.1206250338843056  
0.7365364246279649  
2.9195653436449143  
14.507972095673827  
4.042619102609313  
0.8966545781942448  
1.244349039707382  
2.1961605290571784  
0.2856508899926946  
8.348341698340922  
0.11601911985771318  
1.8948055395628938  
0.2905918435180954  
0.35241519222621864  
1.955562853932724  
1.64591608271486  
0.9604295103587623  
0.2672171825160108  
4.958091339000048  
0.1650220427245941  
1.2814015903765852  
2.900750306940314  
1.0743170555798431  
7.274888175097571  
3.5882666461722112  
5.265132426497665  
0.6431557860620885  
0.9685015044845202  
0.819279062373135  
1.9450261594884943  
1.97871774020979  
0.08164741722775926  
8.780900194796626  
0.1591566024094826  
0.33245287521546096  
2.04886775554719  
2.1175281318257966  
0.1172886734696732  
0.13187647960072324  
0.7259270466460244  
2.3840886854988086  
1.10725065072117  
0.6863866524663975  
0.6613073788977353  
0.3520972536884881  
5.967495164833226  
0.607655086614789  
0.8405272967543675  
0.170716175625929  
0.873093119313606  
0.061148517051368145  
3.3357124194173804  
7.904019702497989  
0.7554467312676283  
0.6013574473432981  
0.1279984459426231  
3.965788364224765  
3.3400748764563115  
0.07206052809174412  
2.0856874465167152  
1.2232498975346062  
1.6131492947265458  
4.359233476638613  
1.960405100736451  
0.09174440847922183  
1.0803234408582996  
5.155993447892082  
0.2894597658556819  
2.958107912549046  
1.9111324381969608  
1.9000575130883823  
2.4651508706621916  
0.8679101167048731  
0.9325733563473881  
8.01996060890582  
6.988518063853222  
5.2374245838870515  
2.431190258747884  
1.163736665627202  
1.4519940532409459  
1.2456617523805558  
0.5064194590260307  
0.04154090915264863  
2.185587203448014  
0.6489544224474009  
1.7397144492977246  
2.082323798495145  
0.028856776985963783  
2.765466318450205  
0.8272192884470342  
0.18865947889230572  
1.0488699628141807  
0.8422447593586346  
6.3421958020859925  
0.1155431874972579  
1.097021124467501  
4.550344922119509  
0.6982043512495872  
1.5787079865055897  
5.349678242915223  
2.6266418812406545  
1.141341808505958  
1.3926727828577512  
0.7776932039677553  
0.2910785596524468  
5.092820167062307  
0.871467345564525  
1.3474014655372457  
0.7092133614783225  
2.3122668098107257  
1.35030313994019  
0.24421984426827859  
4.090282274634105  
1.6716802422482746  
0.10557542341020909  
0.6877373628950245  
3.104161695037022  
2.6301486156062537  
1.8232783723437729  
0.19068423196199058  
0.31407141046226883  
0.3106156309542474  
3.623389016707812  
1.6198219188818919  
0.8131667189782532  
3.801685222749851  
4.148779793038971  
1.62208375278452  
6.080491540155542  
3.190249093724662  
0.7813491348016677  
3.76605899988367  
0.3019312609114033  
2.373741116482231  
1.5522497607468044  
1.7269536963374077  
5.77938842917537  
0.49711613311553826  
0.7602752712669858  
1.1136135390155677  
1.4477720697165686  
0.4334719992642233  
2.2932325156938993  
2.7995553839746834  
1.510839544801168  
0.34368174671406404  
2.874958171659303  
2.841560281143707  
0.28292613300234803  
4.469175200913311  
3.5645899115482993  
2.0578403918624533  
2.813237779595412  
2.044554377269747  
8.437239597831702  
1.4339001830970366  
7.303111593251222  
1.1250164242977756  
6.061979996338862  
3.4442510698445505  
0.5591772798107852  
0.48782108471581154  
1.6784289236303596  
0.3566364191009419  
1.5437768522972517  
0.2953047537276543  
2.827966461520992  
1.1484613048670766  
0.5717987551479453  
0.5885052206375474  
0.023043481183904202  
0.6471081693192438  
0.4418579480587437  
0.19208242646940876  
0.7465523458886403  
0.3143061598767427  
2.2899541113141075  
1.8446052898504095  
1.1151873328834938  
2.1846303621920415  
0.22203548345738344  
0.8583086254153938  
5.923501152225419  
8.35126462257929  
0.1187284349568496  
1.3438643577371456  
8.300533484718775  
0.9841447876076104  
1.5757331845722033  
1.4438790463024764  
2.756523209920303  
3.165966034206613  
0.7351393308144938  
2.4334864544070967  
0.7928957727445507  
6.938322936841502  
0.5795233356607254  
5.458548524853535  
0.413993926269296  
0.8685789567314806  
0.9879372607195513  
0.08584852044327684  
1.2707544099188395  
5.6877789756703105  
0.0684891891650885  
1.2555590959686946  
0.4170280121943981  
3.906764824223108  
2.7114020807398  
0.557327335081137  
2.1818365977333665  
2.094485524073697  
2.743608158238453  
0.5423568452055938  
0.28269782091437934  
6.827770701786862  
2.4922229311346022  
3.429489821274334  
1.1031521431430713  
0.8642264213741591  
1.7626892110424341  
1.2602029410300308  
0.8081141963927396  
2.020113993431627  
0.31660521105111306  
9.333681932321813  
3.4698059132856063  
3.301084738917215  
6.045869585844111  
1.3615485696233054  
2.8484675416864613  
0.44409242724035014  
2.276923347441151  
0.4980487595039884  
2.433497166947185  
6.9949516674257195  
0.6390397746292242  
2.957724037604059  
0.1768805116901251  
0.1863748006135868  
0.1785542261984352  
0.12485900277701134  
2.49315874958127  
4.813713355941751  
1.559978836626752  
4.275108729913269  
2.3818275924344046  
0.8288997002252274  
2.760797875700216  
2.2527828461562094  
0.33931726031116716  
1.0595994587508817  
0.8486354407575614  
1.0988902318909366  
1.160234060329024  
0.9239703879253991  
2.55961433069839  
0.3029691402467005  
2.338923271983351  
3.03404432097657  
0.4166223062108676  
0.39351654536485814  
4.674262658042927  
1.3541752808676644  
3.562345111031029  
0.5095417186617435  
0.9289752534881512  
3.3506678420497704  
0.5404849633964703  
3.187589454768358  
4.780211040915717  
0.2212946025345497  
1.3276893190583894  
2.0961454902247434  
0.4603838418567707  
1.3802438956638796  
1.7121315554268546  
0.9735595013948051  
0.8098796449295786  
1.2531095746634247  
1.0328321062927248  
0.7575557926476684  
1.7608905735330027  
2.194569509579203  
0.3746775947343628  
2.3736803384046934  
1.6941195699499922  
4.87128157078841  
0.8830983630240263  
4.303437526351416  
0.4060114422649308  
2.7234547204506465  
0.6013921950840273  
1.3070836306773859  
0.5261820575706899  
2.5663148610998165  
0.2281914483913683  
0.3524621604311884  
2.0564527083123174  
0.8197587992132771  
0.18238971726202147  
5.057559135483425  
2.667571696015103  
1.937378375707155  
0.9597024466308612  
1.141002660803081  
2.1502151315503704  
6.987778522560973  
10.240446707659224  
1.5428854463465203  
0.25540609317917795  
0.7790951813114289  
0.10877596518673593  
5.862048205940362  
0.1025133107769638  
0.14129840055863152  
2.886699777571222  
0.23403779741606456  
2.2534688472687137  
0.23850332703124755  
5.448271204633359  
1.252923968892683  
0.5464856134244966  
2.179193658124101  
2.3233248091256375  
0.22288992314054568  
0.24581440688254963  
6.178714696145581  
1.2468614822111368  
0.13294099869587406  
1.5497680919723256  
3.5051664602103294  
0.8700194106286196  
1.5188183278850298  
0.20135682867641336  
1.2831195298351972  
4.049183263293276  
1.8829735036043682  
3.017085348435211  
0.31470516648498537  
0.4566031146532312  
3.722973386478634  
4.414394563398849  
0.4181953889036416  
4.965949309260253  
0.02502914394341138  
0.09164560560808166  
1.090129215033675  
10.166351351347824  
0.7159475647220748  
6.952226014845541  
0.5278275816469891  
0.009953746511248696  
5.675012129570223  
0.02449564679388727  
1.871675735853584  
0.8209093161779313  
4.831136979435657  
1.4911025288044444  
1.0035753409976977  
0.9867175358286295  
2.8277002351537517  
2.4043071356218526  
0.4677064016227028  
1.206428635604584  
0.46248515677902446  
5.5772512419020925  
0.6743679918003509  
6.892664824279793  
2.141106502067003  
3.008097013094091  
3.4750666527714524  
2.35182726024471  
0.74625581750698  
5.0124962892946545  
1.2213654701539678  
0.3919613362319496  
1.7858886721298428  
2.862274650012242  
1.8131779993802333  
3.0940092117669793  
1.3035680804416527  
2.0854129666841636  
0.3237470318361857  
0.36516498832422917  
0.5441740675753759  
1.5664475448143977  
3.3613956934548272  
2.1275949783362336  
3.857625218051408  
10.741927368541992  
4.0150362154234065  
3.679106938975274  
0.975158467960513  
1.6527201575503914  
1.7161221119002978  
2.161756839635043  
1.4946352592509315  
3.8158445153543163  
0.7941923959633113  
0.13733513533197295  
2.886483537493867  
1.0028910420279646  
1.4640150083422898  
0.20991218927393085  
0.5003007974177853  
5.803166379772673  
1.0351895343965523  
11.400105087366274  
0.3584686860311992  
3.1222093738649037  
2.2117060756391194  
0.8099738288676939  
0.08276896409125101  
1.0303566238578532  
1.911398132609321  
4.8761229376715125  
2.745750094959498  
0.299675080556272  
0.23237278208741996  
7.8998349756574715  
0.18180530739928535  
4.051529099593953  
0.4628317808566207  
1.817899204827833  
0.037253649347124274  
0.20969580567818946  
1.2457143325782738  
0.0936361944306574  
3.4108102254825634  
4.734077785972113  
0.7908771784664981  
0.9992625420698786  
1.6492966045764668  
5.1815969815783625  
2.8500813536132763  
5.423512194623081  
3.8845847077389584  
7.92684464096104  
3.1850771228834174  
2.7061405998887844  
1.1305428261459083  
2.107489526829809  
5.4314602169560855  
0.9469490879618236  
0.9854281865389725  
2.717553710362919  
1.2840279203998994  
1.9406334627929511  
1.6929004785412483  
0.33328035087875074  
4.660336526454023  
3.141837645735146  
0.8446824711606515  
3.1491963808402357  
1.7887472107354307  
3.8643126382224335  
0.4007006811292957  
0.8900858243745313  
1.9428392492738755  
2.4151080820992266  
1.3911863749702658  
0.47192843465009293  
3.2294314517749223  
8.18190040754525  
0.3545167267320126  
0.10528779764577001  
3.6342287186559186  
0.2981350253572268  
1.3397111651339388  
0.6025672985088826  
0.29351606562421084  
0.5181407121014447  
3.411936240327962  
1.8084450416071873  
0.6065838947273527  
0.5335768114627326  
1.4966191880055768  
0.7746515287283873  
0.918012205458929  
3.737885254084128  
0.6574930618571839  
0.5197123890526179  
0.4148731134225536  
2.038587754220933  
7.492210951462064  
1.1753606687687213  
0.7704851887104902  
2.8399372860795857  
0.8967883954044686  
0.214439407550282  
0.7794429532540725  
0.5557499369455599  
0.3468602977508506  
0.5066128189390451  
4.446243196629062  
0.36970083575333934  
2.614167341690743  
1.258763804030727  
1.3680906846716856  
2.316223158026365  
7.467564848460883  
2.2003451744125657  
0.951086969199777  
2.6969635167590877  
3.9811663947091014  
2.7978462935202897  
4.375563967729712  
2.2396442255490756  
6.16863481333313  
1.411283166442956  
4.023229450586241  
0.025508501950699536  
0.31652786914486697  
1.5126415149260164  
2.6133044399238026  
0.5929891095347917  
3.848073709297495  
0.4120416486125489  
5.517728257905075  
2.368153365721948  
1.0761284439990582  
0.22729234896585737  
1.8655011743728078  
1.3022460878570064  
0.43908930964441373  
0.4694085343074694  
0.2621347423625964  
6.462495093679809  
3.7515052741323385  
1.0539233632603007  
3.8945668540959044  
0.07764588561725017  
5.716230247600251  
11.106024203204045  
1.1385894229313354  
0.3995003026412314  
2.8313341835290218  
1.8119325095743655  
0.3399611863936003  
6.316003203046849  
1.527296980179238  
0.8367897842355143  
0.11436844342799235  
0.6339057225729028  
3.3267357184766477  
9.734661343329797  
2.6369827921716715  
0.6136749454675128  
5.518295064017975  
4.260068457795974  
0.9289604779527005  
3.535073156875901  
1.7288551278202835  
4.265844549105324  
0.024479497682938778  
6.545340925649512  
2.7223532008130213  
7.208154914645393  
0.2913049778976218  
1.0223593059937142  
3.840159309425606  
2.1601475950328464  
5.534199810120189  
5.811130858880221  
2.0994353178110936  
0.32299365768871935  
0.5760475163995915  
0.05812234607032174  
3.9100761041410137  
3.413825881616417  
0.8059908565048124  
0.07971896353756724  
0.3540752556101756  
0.2271894358707227  
0.3409933918461894  
0.2038660109044188  
2.120845962507767  
1.5042804427983447  
0.6099380726560688  
1.2247155214379468  
9.709601789654542  
0.42089151500463995  
9.370984272215699  
3.571575523119652  
5.944298071736975  
0.7572039611087211  
0.6439020312816401  
0.8584500731659617  
4.7832360657226065  
1.1037785251806098  
0.09786260822157722  
1.7080690279295263  
2.6738377775539224  
1.3060762580298202  
3.2456964214765183  
0.6197350762180198  
1.2648589755326234  
0.1522854165876053  
0.06571674514221915  
1.5026444980745235  
8.163507177306329  
4.56672756483737  
2.190046992684258  
0.17987233885365939  
1.1529627453701008  
0.9315157411904917  
6.014370287589388  
4.7748492190729515  
0.1295977344388799  
0.8748747823413394  
0.20964248811211617  
2.942478714507246  
0.11954363794859368  
6.927024698770756  
3.2201753059012406  
1.6534234495212963  
0.17982832323973907  
3.1241732212824114  
0.9301343683704721  
4.043645630246607  
2.045119193027878  
1.2165817877725305  
3.3202613299856742  
0.483497793893084  
3.1416671395190887  
2.6004840634314186  
0.9644167501960621  
3.552806976375933  
4.386069064130405  
2.166386440916257  
1.8683149309611902  
2.0415877450020825  
0.947579254646691  
1.8401002551022616  
0.3385142638895  
11.942696161794963  
0.9309043151810914  
2.1271334659265007  
0.15250766921280912  
8.518893258401272  
0.7031434672282066  
2.2995544619166086  
0.11929449584278107  
14.18453474348782  
3.5313742234599044  
4.206878260533442  
0.33046702871232236  
1.046578310410029  
1.002066674801405  
5.687615540460755  
4.793614242047328  
1.2445812454233929  
4.95175000724638  
1.8345816640976231  
1.6673832580241466  
0.6902752292340275  
6.048874238954516  
5.377567684992002  
0.836987765344932  
0.09685570584574421  
2.8875243836356645  
7.0910952316818765  
4.272103148111572  
0.585438714496711  
1.0538666457584722  
2.197059402181345  
1.4584810617955801  
0.5358796298624457  
2.504729216149071  
0.04875662659625801  
1.6039261462801768  
3.6325001164987825  
3.587645172376819  
2.192640238798227  
10.937615602836292  
3.6552516461084816  
3.7508144136983446  
0.3833671193410493  
8.242421491644414  
4.111181929424523  
1.4436031727692922  
0.9850024894592413  
0.964550011111831  
0.5745617657805124  
0.2223403476568464  
1.1608537070577407  
0.7347262720955983  
3.3505491111777363  
0.4535171252105785  
0.8819285654646514  
0.3172364797414562  
1.327373991954528  
0.2180928374525215  
4.392957106439832  
3.237042012668434  
4.200162184040179  
0.2834655197690217  
0.2713368423058582  
0.2802327117177317  
3.955220671414983  
0.6908568161770323  
0.11556050952450381  
1.8293398684484985  
0.47302911378207524  
1.001238339901822  
0.21358082294402614  
0.3250961963584986  
3.5301672487241476  
2.82145447911043  
0.4239219896391422  
0.5611803087559597  
3.273112705433101  
2.157267508106109  
7.797446900037464  
2.413619051255844  
2.4011682502853127  
0.23479675510597042  
3.8763550668550306  
4.585869223694983  
1.634428415426814  
2.055622041008731  
1.228123497122935  
3.7727932412647047  
1.228873828871746  
2.7987094090835662  
1.3004708867816794  
1.897741236168382  
0.6740676019607372  
2.0091924009770445  
3.536905899936893  
0.16427684845277124  
4.313554713978274  
1.5887343120072006  
0.5133825965161654  
0.04730113347810594  
1.4254243221610619  
1.7630003710492281  
0.08864444041855046  
1.4664732497745803  
2.5688582027211804  
2.084249820262629  
0.9330131176909284  
0.2503157539914813  
4.270272581666434  
1.9004955632919929  
0.7403569817365896  
0.8975875936830024  
1.3327582904637536  
0.4634150096915257  
6.273770623859109  
2.420806769754813  
4.181800931391599  
0.7698831773567449  
4.435262149262565  
2.6163879893379205  
0.17288261787556936  
4.925984520779913  
2.7836754124617946  
2.9566215742430124  
1.338301292035604  
0.7287523378897376  
0.2908804048467606  
4.706551039400186  
2.7112327839800443  
3.1949599695486386  
0.6613788023186129  
0.9336758401673917  
3.8248186946365226  
2.500796457696919  
3.0420589168705603  
1.0645099892945264  
1.4085277486267866  
1.3356630584850926  
1.6263137613383938  
4.915014805278317  
0.9852144473116442  
1.7666911229514914  
2.504075269135808  
6.250655555560636  
0.4031068910452129  
1.3481516181616748  
9.392923095053419  
2.1106884688054217  
1.7511906653047138  
0.3950522955976199  
0.5514282526782099  
0.7699273735440215  
2.047901480239378  
6.119383658052168  
7.3722234503534985  
2.128913354503481  
1.9546930136687402  
0.6217712096458161  
5.025617435102081  
0.49949961143180843  
6.130904008995463  
4.150129286715876  
9.256395608422174  
2.9773514186466787  
5.505943595865115  
4.693047910494929  
1.3541717744880333  
1.0819940967598751  
3.4983803786225676  
3.6349215623746267  
2.5540342254346426  
3.652926573811699  
0.39464072534020067  
0.7661572850453879  
4.786790667079477  
0.4822096307850243  
1.1453133820652606  
0.22369495414987783  
4.556317497381935  
4.0165896869581275  
2.6596999249353104  
3.0317716238225434  
0.6905215914468354  
4.797033374093285  
0.9041298055211255  
0.08481637328975333  
4.352487784309355  
11.267840856272127  
1.6402224319038594  
1.0178202922674129  
