2.326432168130239  
2.1644310704884027  
2.0980122579782017  
2.3031940766119794  
2.1992171044877526  
2.212049599245207  
2.0900732526402352  
2.2365041532766323  
2.333124754116803  
2.2025410739647153  
2.311613470338592  
2.182132994966932  
2.1360803893305595  
2.285580539030768  
2.223233477462505  
2.1220220873687876  
2.1770446539890127  
2.164331165220928  
2.195794621933834  
2.1894521185595477  
2.086499238914099  
2.2651129866057107  
2.135624828934477  
2.1677115843305703  
2.172634080332553  
2.2587426918228477  
2.181540818889893  
2.2146923004577133  
2.205838684289629  
2.2277389135650596  
2.130644817498841  
2.222796506807509  
2.2979531074046835  
2.2185262384438107  
2.2949528421018393  
2.102739472765277  
2.1967129129805434  
2.192505053690881  
2.2743418036169927  
2.2223303868598365  
2.1346149233485776  
2.123161206228454  
2.1751374424771446  
2.254325264393348  
2.278293170155573  
2.2278087291296367  
2.202452823070534  
2.248048548795588  
2.260666700169245  
2.0888867852610824  
2.227187328868298  
2.288540357760271  
2.175534842052341  
2.079786622315825  
2.152726227190506  
2.094659581819556  
2.2996255491274047  
2.147030365561296  
2.129016889323456  
2.2945638175512997  
2.103138374897975  
2.2158448488362756  
2.1995338327398937  
2.197188478828229  
2.187063713633605  
2.199306608866514  
2.201562136986704  
2.199243557217103  
2.296367432388256  
2.3034493128521816  
2.243002614249902  
2.3242993849624645  
2.2944292718988692  
2.1849910990187658  
2.1526550863121297  
2.451272616326774  
2.2071527313754853  
2.1528680097882615  
2.227780153710926  
2.2206358891762537  
2.0784896052348723  
2.186804437742972  
2.2498031542109054  
2.134249519517502  
2.2706263019509167  
2.2707143388735602  
2.2813520053602256  
2.2361708697901066  
2.2286675074258846  
2.222562051850476  
2.253921774177194  
2.299443203522711  
2.055655692757898  
2.197429910951529  
2.2227196533292135  
2.186047127735942  
2.155396583069928  
2.2290352861481404  
2.116603631081824  
2.3025622028085433  
2.141547537911552  
2.1763881800443006  
2.235244900522197  
2.333655062515839  
2.393168336382311  
2.1859899658220656  
2.1803657933707288  
2.0998364487705294  
2.3139156307318656  
2.2227875543646842  
2.1831050252580555  
2.2626823380843857  
2.237276911227693  
2.2205086687697855  
2.210436774976361  
2.2104355016062596  
2.2032139853352075  
2.1525873211203064  
2.2698979036165405  
2.213065237340947  
2.1809034389866726  
2.1872003000916798  
2.2638662662145097  
2.2483000327715947  
2.1199163000737844  
2.1232624408710237  
2.315298861339806  
2.323024332523848  
2.21716471757432  
2.262683165443923  
2.1468086231295356  
2.2517152575917363  
2.1265010979212806  
2.2393383104594182  
2.096579027288404  
2.234900207045469  
2.314406849366462  
2.2021456209460024  
2.224273701049566  
2.131938147197761  
2.2017067545983475  
2.128853588214702  
2.168324829072688  
2.172043950971429  
2.1593401192012203  
2.298999836104827  
2.1293451763150966  
2.159511292750763  
2.139193824416577  
2.1932149807602643  
2.1383829168616355  
2.111886110272342  
2.2394485885927784  
2.173026481785402  
2.2385872298463245  
2.1356190567996762  
2.1414395681615703  
2.410697469764522  
2.2621557807867667  
2.1305356151423553  
2.213143605293342  
2.2344125694235086  
2.374165741323575  
2.137270849269001  
2.2308530766255767  
2.1611899360880353  
2.108482989911461  
2.1612702678719544  
2.2496620973065804  
2.2568824416004563  
2.1579476056330225  
2.2067813587913676  
2.265992961169914  
2.213567785164224  
2.3428000174866335  
2.1414520830777  
2.2468179321175388  
2.20321079067638  
2.2979948604174356  
2.248374801753012  
2.1958450742549522  
2.204126767724814  
2.350415936806569  
2.2647025292407634  
2.180865870654522  
2.0893827271317607  
2.1962254721434964  
2.206875470071324  
2.214397081302898  
2.3040353775480766  
2.175276456457831  
2.2049281508113197  
2.2417280350882485  
2.233767181642233  
2.124397168358644  
2.1613631781097196  
2.053391652547548  
2.2402049881373394  
2.331277030330208  
2.2232395296016123  
2.1676021790306947  
2.298682413775166  
2.1261915168165437  
2.1763530402284097  
2.232312665167443  
2.1347041465307663  
2.2146729043150093  
2.21494538189257  
2.249149907814435  
2.0893768546359275  
2.1775123147124322  
2.149115729181529  
2.0858825344397833  
2.2443532965059725  
2.1588366616000396  
2.1233075615510755  
2.176422087249342  
2.205262948653932  
2.144713993620822  
2.2316829224698633  
2.324593228225834  
2.1081125586865186  
2.140854458288657  
2.307652281706071  
2.1759253541637906  
2.244384998483005  
2.190175543534444  
2.2668538995555068  
2.2235044921574265  
2.2664557258958706  
2.23566138356365  
2.2067812477035322  
2.19235913733042  
2.264569847682877  
2.226197031869336  
2.17915664969354  
2.1333714444186724  
2.1066235986689485  
2.2553795069602414  
2.1731418225528896  
2.2411505350487326  
2.2049804647298137  
2.2276999784551306  
2.127183403052204  
2.1990961785248424  
2.259796508461644  
2.1709550331120786  
2.143435147954263  
2.206345986893272  
2.1925221901317133  
2.1875800571672714  
2.1606684892053165  
2.260862620045076  
2.1638140642844346  
2.1661514333425784  
2.247929992590225  
2.1148388513102985  
2.1322893410862545  
2.165847205724579  
2.2690415338095593  
2.192817943932654  
2.251827756692431  
2.2374924997543184  
2.191752382264249  
2.2359622024879693  
2.1598785785608277  
2.279529212689387  
2.1661149423665256  
2.169727913614808  
2.1058607446536213  
2.1236359934053137  
2.085591232665524  
2.2002833995791726  
2.2147515389867065  
2.2527707874790197  
2.2796919517937186  
2.2153565790125094  
2.2661865547956537  
2.107923075091966  
2.0667169634235787  
2.2870241872745862  
2.2826145484965394  
2.137318330300175  
2.236410848431966  
2.1973430577956408  
2.2748637275780776  
2.2186221053692368  
2.1958507010755355  
2.140747704638876  
2.138522810251874  
2.1827449997276123  
2.13500323023693  
2.2057838077366996  
2.3996194626257554  
2.2065677375288137  
2.221862249725745  
2.2514774376397946  
2.299424771931272  
2.284114811568115  
2.1367123046407452  
2.201551863017531  
2.1591696291125633  
2.2310314930312596  
2.1076714241592116  
2.1791852067343482  
2.2811497289289275  
2.2233551530680633  
2.278293067219305  
2.3029003723683363  
2.219756110425542  
2.233514690472689  
2.088957403940649  
2.139246214410289  
2.189268203442191  
2.0458874575026846  
2.192959822072961  
2.259205380591281  
2.2115066458226322  
2.140572198588833  
2.2664522274017824  
2.1663356432842353  
2.1459230075304645  
2.1288227480348483  
2.1728877379395817  
2.2564760549764578  
2.20499618679969  
2.066054563901716  
2.2060284622227333  
2.253080248030972  
2.31587427545335  
2.1901173015991517  
2.160821045257083  
2.27742833069777  
2.2367777503387174  
2.2691418045299474  
2.1450325749001853  
2.1366415950039688  
2.152486099292228  
2.2108685682405396  
2.165161470180058  
2.1415836228262273  
2.200132190479502  
2.222319544962434  
2.1093423377240397  
2.1605287518884353  
2.165023394205575  
2.2187131652350693  
2.20350325321973  
2.1217603231013045  
2.2332358921494597  
2.17215528951182  
2.0730397898970208  
2.1808978985806338  
2.1959696504666644  
2.2668058479182145  
2.27668653983524  
2.1148031749197735  
2.1654716786528416  
2.2282917887429687  
2.126278990040439  
2.150752126797673  
2.180212344109503  
2.3224973073603117  
2.2063262745567616  
2.2795081552438266  
2.234595081583221  
2.1083312798167833  
2.293814616406422  
2.0676204486877685  
2.253828579832718  
2.1369350254944117  
2.246637070473324  
2.223964774163617  
2.103648814412331  
2.2302169413077997  
2.113267768807931  
1.9985767527138871  
2.2504849049244893  
2.148628147609039  
2.237874566277717  
2.054739639988733  
2.315488975889677  
2.1088207033465887  
2.286123284917951  
2.157787355900013  
2.2653887651413944  
2.359188832007708  
2.2937069116595215  
2.085232667949223  
2.146936649381656  
2.1211290318913503  
2.1986989740592993  
2.223106046536207  
2.1921290830962357  
2.0534414353552912  
2.20212481773007  
2.248563852221076  
2.2396731040957327  
2.2297631448002853  
2.16808006371197  
2.2483908623685447  
2.199694350900123  
2.203543082831465  
2.2371466267702003  
2.1852818254454816  
2.0588280687008984  
2.1800782017845863  
2.2786034276308347  
2.2073167114169325  
2.1867121501403104  
2.109559595803216  
2.241271677610926  
2.121968741751912  
2.0140088774481293  
2.247431964451783  
2.2226669681596216  
2.2355265187910693  
2.282919583252719  
2.202014599435263  
2.113499704583865  
2.259376091317291  
2.3153113716957674  
2.2682529624872716  
2.1025803698237757  
2.129699672659636  
2.122759569133648  
2.1699609223676593  
2.207705095690635  
2.299719171662324  
2.2720836585504407  
2.1779172027583815  
2.2060866799444767  
2.140950154205085  
2.138167349178347  
2.1405533379629915  
2.1183769685868206  
2.269624797805864  
2.138492734774821  
2.1702364388345528  
2.161446361038463  
2.1661982569834  
2.2278503971572183  
2.176225688026496  
2.306854159591313  
2.3635282406518865  
2.0419365234362066  
2.3198769783231334  
2.1821053357542266  
2.2453746035454283  
2.2523899924959503  
2.221682490765736  
2.1970730520996926  
2.0878560196048355  
2.220423177725712  
2.13935130393747  
2.1819486083567896  
2.105873342688766  
2.131793777790862  
2.1540022859676355  
2.153775663042576  
2.245182476683974  
2.151536137297087  
2.1804179070649954  
2.1468022236289186  
2.1247389135381565  
2.278589237426967  
2.2323187486607563  
2.057688473721413  
2.181267702923185  
2.2628099598644464  
2.188721364083911  
2.218128454420902  
2.299015971448394  
2.2064191765323184  
2.1889066872226803  
2.233865859002298  
2.2500324918078944  
2.276801254751732  
2.219061737979058  
2.059501837553763  
2.2203427143433188  
2.2492143830472426  
2.246868076579514  
2.273563761339595  
2.146132419152844  
2.1992737230543438  
2.238410237752508  
2.0992161577964947  
2.2132096331822178  
2.3508758109832133  
2.1743866143404476  
2.341165638573817  
2.219362996902603  
2.2726582030053444  
2.202490251068076  
2.05760407945379  
2.2221312572095875  
2.305600046206452  
2.1474609462845042  
2.1623922745791755  
