7.361997083647918716e-01
7.472202891069308350e-01
7.437812430652107620e-01
7.607811776161421680e-01
7.300119431924282365e-01
7.576660389154529218e-01
7.180090913132921582e-01
7.359112978393936855e-01
7.287611960418389767e-01
7.371571882109558826e-01
7.472960415836028547e-01
7.438022104299879533e-01
7.534745989798544707e-01
7.590768483789174237e-01
7.413559946179744120e-01
7.319238868771195117e-01
7.292344714469159994e-01
7.365224498945475151e-01
7.348636700513061504e-01
7.358118261379071878e-01
7.428960028774953539e-01
7.470687161986856450e-01
7.472958996121562558e-01
7.437480366976444435e-01
7.445329188792710884e-01
7.516552614993735615e-01
7.275169610825188427e-01
7.291411865209080911e-01
7.293945328699222852e-01
7.442851163809548476e-01
7.377182830637717403e-01
7.379240965464681778e-01
7.418458002343095714e-01
7.432167799767177563e-01
7.333845618183360004e-01
7.460795930648024266e-01
7.461243234179795181e-01
7.235760751386006717e-01
7.421772708164777743e-01
7.394592052923469883e-01
7.169963584523777467e-01
7.471569145999411576e-01
7.379282475728878854e-01
7.490227223450980354e-01
7.420243470642391426e-01
7.280574385555173000e-01
7.286145755341365549e-01
7.358636664208325628e-01
7.413394860443692780e-01
7.505240118174191233e-01
7.275442407517863641e-01
7.374789478419162547e-01
7.254715235614501712e-01
7.437449318024560441e-01
7.375872264904347331e-01
7.444659783066308600e-01
7.507941582496829858e-01
7.460376594109673354e-01
7.380474643218815078e-01
7.569741567691794515e-01
7.451784478590769423e-01
7.451525311806370677e-01
7.371717721073585139e-01
7.285375699717271392e-01
7.412560545014774682e-01
7.565313970808096311e-01
7.461225794599902761e-01
7.348761696307605229e-01
2.763637911095936373e-01
7.361156092690462893e-01
7.380163567227979726e-01
7.387858311978471315e-01
7.522717466378781026e-01
7.199133535539683493e-01
7.398773871120895018e-01
7.382139644454955851e-01
3.842690929217468243e-01
7.160006523828390534e-01
7.426111335297710392e-01
7.430141794618775331e-01
7.390457393152388699e-01
7.268787842899174789e-01
7.293463494744341080e-01
7.304641126679265462e-01
7.437588430793373728e-01
7.378621061018788563e-01
7.447046097921093954e-01
7.288242265042237378e-01
7.404699241303769330e-01
7.310362376635016757e-01
7.216337407064539189e-01
7.367768805424749212e-01
7.422705742642601301e-01
7.465505494399095054e-01
7.405012651734951268e-01
7.206456507526507460e-01
7.504968818029540412e-01
7.466542508892419772e-01
7.504495852955609392e-01
7.321996470118470324e-01
7.257836799188939203e-01
7.330269031269510682e-01
7.491017010304362733e-01
7.380289292994630657e-01
7.544759261795941363e-01
7.397705893452493076e-01
7.470628712267325389e-01
7.473107444373110475e-01
7.344300743665211906e-01
7.408538644291038366e-01
7.523084100607635438e-01
7.296517755407448957e-01
7.238334087155924301e-01
7.296294145787568519e-01
7.382380247676758600e-01
7.367802190181779176e-01
7.344887708094327561e-01
7.307554026861591279e-01
7.250643433103224345e-01
7.320395200839695526e-01
7.490681960659059113e-01
7.381421798549893110e-01
7.372360598857551350e-01
7.402401601747574666e-01
7.553825785602991116e-01
7.553323176822670515e-01
7.341789492432296838e-01
7.292534765816814923e-01
7.319522780649265759e-01
7.298950275286097966e-01
7.336391805344572026e-01
7.498255564065425816e-01
2.569272231874225043e-01
7.525873332361412427e-01
7.530400910228819411e-01
7.320584225787828414e-01
7.364367280492870593e-01
7.315696022071195292e-01
7.438387674669111327e-01
7.389923745887353457e-01
7.438752246869041462e-01
7.406100031833332542e-01
7.283256183418815866e-01
7.347986285710788046e-01
7.428811677151080373e-01
7.322900585766985992e-01
7.457850441877880154e-01
7.380247928698603355e-01
7.619723091049578345e-01
7.461938855592590292e-01
7.194559876252671904e-01
7.368285617890659722e-01
7.516028330607503749e-01
7.301249584686780869e-01
7.428381506607464324e-01
7.250344195501634559e-01
7.362429669224415107e-01
7.513165578933841404e-01
7.330672190934064414e-01
7.495252156389411446e-01
7.445184608006923943e-01
7.442860269974442833e-01
7.342521920805764601e-01
7.408172025753412271e-01
7.358814269419134968e-01
7.346897926828452885e-01
7.499606967107373956e-01
7.326496991705427897e-01
7.298519225939841260e-01
7.308963690226634169e-01
7.365339566097084401e-01
7.326232893345735464e-01
7.508476793309957209e-01
7.360298630423522948e-01
7.407519742231765125e-01
7.415181287130443444e-01
7.488087758692487661e-01
7.320108510286192915e-01
7.552965073514457117e-01
7.513233290080589821e-01
7.415707346739215389e-01
7.584759368743460017e-01
7.407278945531586833e-01
7.335803186452490854e-01
7.547470185635147821e-01
7.310845177386562366e-01
7.514371469160264772e-01
7.351655695199725837e-01
7.365699180869118567e-01
7.378321052231592292e-01
7.375642769940228272e-01
7.401054637148355431e-01
7.376934714907734669e-01
7.438508255173190697e-01
7.347584823148409772e-01
7.244958393517135775e-01
7.396950748507586937e-01
7.522202930930972364e-01
7.431052679732746968e-01
7.417748359753234544e-01
7.441438805929445621e-01
7.499841729645828625e-01
7.371680902440902461e-01
7.545412666845121574e-01
7.453534246982062017e-01
7.395564381123213016e-01
7.455602294976230171e-01
7.514928287803956941e-01
7.394745562731668276e-01
7.357550275033619691e-01
7.385782106207267050e-01
7.508407706053721320e-01
2.475531641877220246e-01
7.401024609193583847e-01
7.565365218463482311e-01
7.380893436466575697e-01
7.234722087069347385e-01
7.241146628643450045e-01
7.503119799775259668e-01
7.288551180296687360e-01
7.531785295905940592e-01
7.310503146715853218e-01
7.437301311474245891e-01
7.455259864007771631e-01
7.488706019492973320e-01
7.464922733905543506e-01
2.647247813548238016e-01
7.365607405517891060e-01
7.462086461070368548e-01
7.391012824304559192e-01
7.564189760604472790e-01
7.500393288750526466e-01
7.381518092788318386e-01
7.498915811335014059e-01
7.364067063688858328e-01
7.362867278601971099e-01
7.387597462114657842e-01
7.367465175077756445e-01
7.397273358706673019e-01
7.350724879961735292e-01
7.415903019785226036e-01
7.348810352721750760e-01
2.621125720728061381e-01
7.422842683654544693e-01
7.345021645848331948e-01
7.327892480964174338e-01
7.218336032299658145e-01
7.430233179760331597e-01
2.772836326516396332e-01
7.372242375689612714e-01
7.311293628817117085e-01
7.410220737537103197e-01
7.377709069414160048e-01
7.478326966368046280e-01
7.256209364070322909e-01
7.495938259432748385e-01
7.444628767143375292e-01
7.444561580548534341e-01
7.485491944453399604e-01
7.307496426274521228e-01
7.301133762419120821e-01
7.353030035154236588e-01
7.365174315425203622e-01
7.402468643013793148e-01
7.281329182415879897e-01
7.512152314156399502e-01
7.533331458254527435e-01
7.437933617822641841e-01
7.427802238198638607e-01
7.433076283779568305e-01
2.612611460378955197e-01
7.449169414179219739e-01
7.523125572374764758e-01
7.432836048873785462e-01
7.472298468362154056e-01
2.770473604100543996e-01
7.302908177029092673e-01
7.483787852459478085e-01
7.513668913851321296e-01
7.396888410878681430e-01
7.480300614203220233e-01
7.403242510759383554e-01
7.506338695134667782e-01
7.431783766930375457e-01
7.234367769296835560e-01
7.516970719930186062e-01
7.322460431918894619e-01
7.284537247291857920e-01
7.525628676072135814e-01
7.335752635799062116e-01
7.288286138798680813e-01
7.308314503188348965e-01
7.406408567088366146e-01
7.430922329301011819e-01
7.361222210426968671e-01
7.417460900936145851e-01
7.449656441258528661e-01
7.472587845790341632e-01
7.395139778937683817e-01
7.369368682178248919e-01
7.415474714772291032e-01
7.528097823523579590e-01
7.326352394086976805e-01
7.463823062555965393e-01
7.371760985691131474e-01
7.317933620423350272e-01
7.472164040916476901e-01
7.320703335196955264e-01
7.500502635846898469e-01
7.244825723777624793e-01
7.484337843226864795e-01
7.382304588201951123e-01
7.363975965804528956e-01
7.478550652237822005e-01
7.280234783476015048e-01
7.375853754250211169e-01
7.311086732569208602e-01
7.511128120733366886e-01
7.304160734527206378e-01
7.418776393551499426e-01
7.401499816688104083e-01
7.261357051657190143e-01
7.545718031004015058e-01
7.430258477699602793e-01
2.586632714674193534e-01
7.422919062300420423e-01
7.343936918899988120e-01
7.327288979728306950e-01
7.324121410833289714e-01
7.426537926680066848e-01
7.494041641736589598e-01
2.650997358791574166e-01
7.382680202645856005e-01
7.321617003606603058e-01
7.368373320462729970e-01
7.350722258123921771e-01
7.560933298083319931e-01
7.450528174646875446e-01
7.518667179418705437e-01
7.433721643290100989e-01
7.322341399642919857e-01
7.623646565587680612e-01
7.362395617871089204e-01
7.518531971109073675e-01
7.461865177108560898e-01
7.382635570152019655e-01
7.425623474651747991e-01
7.519977148405270206e-01
7.445426792924803028e-01
7.277116356181135837e-01
7.476772762538537176e-01
7.379928248040376060e-01
7.393827690967698096e-01
7.475942085749396337e-01
7.373535764061047715e-01
7.473525429456681080e-01
2.478287626491363083e-01
7.384108542463729830e-01
7.341435788072226964e-01
7.499350499023041960e-01
7.403218048191202438e-01
2.743994998125068863e-01
7.277858229486559027e-01
7.456573216076672894e-01
7.376737451409645097e-01
7.427971470806558063e-01
7.505272439211532198e-01
7.393120182418936315e-01
7.513811813106112680e-01
7.345344308175373316e-01
7.416293781917355776e-01
7.535065286368293203e-01
7.458546773697817267e-01
7.459196902942633045e-01
7.395850996439662373e-01
7.436989955431747568e-01
7.451297468676542080e-01
7.456235900721183141e-01
7.471940774580190237e-01
7.380223891342636566e-01
7.459173453718472846e-01
7.401926498771355112e-01
7.423242045232677500e-01
7.475849954386465379e-01
7.332982764840583201e-01
7.499697158268125996e-01
7.358113941785465739e-01
7.410524449980534500e-01
7.410937276879684399e-01
7.235094048645069886e-01
7.504854758161493278e-01
7.508720967744484387e-01
2.628083742751620155e-01
2.541840072251753679e-01
7.394611448883380289e-01
7.428637678268030786e-01
7.488363627554514013e-01
7.361852396207084759e-01
7.483890750074468912e-01
7.300788752690163808e-01
7.436779801176999216e-01
7.370852788389701260e-01
7.430244361595343960e-01
7.554476430999969017e-01
7.441492002249021631e-01
7.639225610325363069e-01
7.374914980101923145e-01
7.393794629563315013e-01
7.365012486035520389e-01
7.310619972493783703e-01
7.342102595924815400e-01
7.442424352445472513e-01
7.363285540138089225e-01
7.349088116060491505e-01
7.402948778238592764e-01
7.390357245150958043e-01
7.412956130878843863e-01
7.251983386660024733e-01
7.263175944123128058e-01
7.341161494059025294e-01
7.420928900434640152e-01
7.315281169444571852e-01
7.350763183014189517e-01
7.434781465833171232e-01
7.322067548069893794e-01
7.365258803367360496e-01
7.482059154096769582e-01
3.606224818848735580e-01
7.211686230379755758e-01
7.372263685991127247e-01
7.523749795285310515e-01
7.390476523903245498e-01
7.326841475281330451e-01
7.483594017323912384e-01
7.305934031640627380e-01
7.472450472980345371e-01
7.382661104416317066e-01
7.459636910840125035e-01
2.573873694043822269e-01
7.468554049549994689e-01
7.346907471513527410e-01
7.327113982406637804e-01
2.580638625303068312e-01
7.518828102750700904e-01
7.260329386413020281e-01
7.236109603749321106e-01
7.532623614239198906e-01
7.412118297136875977e-01
7.304217805859266610e-01
7.391864951396742711e-01
7.305197607380936597e-01
7.338719384898704234e-01
7.361698687045850065e-01
7.406198893385752546e-01
7.407164226741312918e-01
7.375382790342333017e-01
7.422381045736389238e-01
7.462753872362055674e-01
7.485789430835766423e-01
7.496945182262458873e-01
7.419945951880924095e-01
7.431043717127845394e-01
7.300796810269727377e-01
7.395219899460555579e-01
7.241998942290033270e-01
7.427255343640764007e-01
7.418145756597180895e-01
7.426565850053316042e-01
7.550707734990661502e-01
7.391520404979445846e-01
7.216831237976656377e-01
7.461595161581597857e-01
7.425503099394354933e-01
7.320308586494970182e-01
7.483420368101573183e-01
7.347023759880110250e-01
7.443718486600672257e-01
7.376581349556625700e-01
7.392476532293741354e-01
7.380386048977995994e-01
7.364999077128677740e-01
7.398770472615530114e-01
7.409259161539166749e-01
7.343873176416630955e-01
7.384005845984866756e-01
7.491555104620414296e-01
7.393269830161049994e-01
7.264654661854949014e-01
7.301020371033697387e-01
7.367455114049622500e-01
7.478537676662897482e-01
7.230043238452122933e-01
7.352978927628154304e-01
7.368856077681981143e-01
7.530754976211921914e-01
7.278220818381446744e-01
7.200272155066127500e-01
