7.480413341204837918e-01
7.153454474257787687e-01
7.411874593160291402e-01
7.463403382116303719e-01
7.356319220187947927e-01
7.482826906710587922e-01
7.320807487238181199e-01
7.362333446341191578e-01
7.457677633922600302e-01
7.466823167112562887e-01
7.493581470356672769e-01
7.562105570975948821e-01
7.405010007337154976e-01
7.355661218100869592e-01
7.304087063515558587e-01
7.396981043392525379e-01
7.437958766847979630e-01
7.492153514884439813e-01
7.446861046286371577e-01
7.274823640853553819e-01
7.471046426039358312e-01
7.376414737521550524e-01
7.191490718811339722e-01
7.516637699387974658e-01
7.381545089075606247e-01
7.382152436476445700e-01
7.192055670251993327e-01
7.354976495036643636e-01
7.429959064641571409e-01
7.413644919194402050e-01
7.312653541057345663e-01
7.421506993009051589e-01
7.439204548026567831e-01
7.340412074517526086e-01
7.289464151339786202e-01
7.264745380765039728e-01
7.343834970970195553e-01
7.336474077689042472e-01
7.439234465972427435e-01
7.562460296738736654e-01
7.444210886108556524e-01
7.596353309242079854e-01
7.425400369025590974e-01
7.356735982998614531e-01
7.491890762763989686e-01
7.365210637960589724e-01
7.572884319733516056e-01
7.389187030731759753e-01
7.248658044996196814e-01
7.360036867738980471e-01
7.448421898071548863e-01
7.423201935567245169e-01
7.241645393623115101e-01
7.416401494375424175e-01
7.410177379540346942e-01
7.373817771703369273e-01
7.316557178257702132e-01
7.392038555421187596e-01
7.356840648240287051e-01
7.343661834725916382e-01
7.511088370899235978e-01
7.315241216696576343e-01
7.386212421896068969e-01
7.367178740565815120e-01
7.425943721316530244e-01
7.394198830586579119e-01
7.443460698775457018e-01
7.174410110755344849e-01
7.428383221853015472e-01
7.307917074814206382e-01
7.265748859921624669e-01
7.312919923720277993e-01
7.564677657795990662e-01
7.788998855424162926e-01
7.417021353847277343e-01
7.285469690986431379e-01
7.440000942323660160e-01
7.326536603654958402e-01
7.565009464204663914e-01
7.444057296444958061e-01
7.481397859141782902e-01
7.375330470271420635e-01
7.257143504858434291e-01
7.376849747418975367e-01
7.480598033060644747e-01
7.352151990776131241e-01
7.498171274957012855e-01
7.606381040592342657e-01
7.343709054794980151e-01
7.336984992200387135e-01
7.307357646441989818e-01
7.323397788086132287e-01
7.407647922549610575e-01
7.420975507649402170e-01
7.507952464495295519e-01
7.297198117330028211e-01
7.391411656452249179e-01
7.329398361516130667e-01
7.323775900069450229e-01
7.404280229041018124e-01
7.427208789809882639e-01
7.439303675750216227e-01
7.425493354222785225e-01
7.347414702900357808e-01
7.463993842141490864e-01
7.613685012233976090e-01
7.392253911509797382e-01
7.380637928729610886e-01
7.343583773032765771e-01
7.597199411665842561e-01
7.371213041901686358e-01
7.513114317103634088e-01
7.463679867307186910e-01
7.251278855974316873e-01
7.424006398758983272e-01
7.392470476563998139e-01
7.316957625378580632e-01
7.367599628537859768e-01
7.543740841334177771e-01
7.417907564983723390e-01
7.421286457334184128e-01
7.491597302681997084e-01
7.366861949504603935e-01
7.390914604097107432e-01
7.352800098280414254e-01
7.508496405089483128e-01
7.424173158232595382e-01
7.347595146040871716e-01
7.476698486306657676e-01
7.401875912421931325e-01
7.538449919664189647e-01
7.402012088189353634e-01
7.406636055001607488e-01
7.252883372347619373e-01
7.369291285497332478e-01
7.495263500320507033e-01
7.265598241893295173e-01
7.389007132086169438e-01
7.579519135850227851e-01
7.479194453302556722e-01
7.393560510274732600e-01
7.330553100367394048e-01
7.348834107474182531e-01
7.417974465039249843e-01
7.465611808353304069e-01
7.433381883863997563e-01
7.336378957497421416e-01
7.500806055289042096e-01
7.405428046302241496e-01
7.413254658141872344e-01
7.442450415023115218e-01
7.314412946379693636e-01
7.357754129029734358e-01
7.445501596257739774e-01
7.477437355470736291e-01
7.330295051735882250e-01
7.320704064305765257e-01
7.673278458391666890e-01
7.323306363854155121e-01
7.395277013646295305e-01
7.307577613886148127e-01
7.337513156243055112e-01
7.430394514473380729e-01
7.198675155494973499e-01
7.409370561656423160e-01
7.372280614707260593e-01
7.208980200687661322e-01
7.352458795048345541e-01
7.393376593625591298e-01
7.436923898023088952e-01
7.488733752256871989e-01
7.405523881987229329e-01
7.487090579715744987e-01
7.463926216123776269e-01
7.350945370006459756e-01
7.492786486898108667e-01
7.544111041917296312e-01
7.343251909689599843e-01
7.410157355606860063e-01
7.326992919469494936e-01
7.243106319368926016e-01
7.473657198378025335e-01
7.298026673601712977e-01
7.431351974645625802e-01
7.376498377237994397e-01
7.538044111597590469e-01
7.386404263807050397e-01
7.494726238420875708e-01
7.260469551176216285e-01
7.462415448011551211e-01
7.536406715978889448e-01
7.582754186080812309e-01
7.412462657290054269e-01
7.501420990521683319e-01
7.355691857917403542e-01
7.373669603989360111e-01
7.419211833262839839e-01
7.291097015833978290e-01
7.376515905943867857e-01
7.454972506658500420e-01
7.374216399765036734e-01
7.389100767918186374e-01
7.395654190246552240e-01
7.320086998021230196e-01
7.321641831450540483e-01
7.266947224836250996e-01
7.395195830777568924e-01
7.335751076735000931e-01
7.328981479889027373e-01
7.377113556419518936e-01
7.387567294607777502e-01
7.202743680345237154e-01
7.342797903239879354e-01
7.492134809111419269e-01
7.504242844529495082e-01
7.467234779279743329e-01
7.310652472456364848e-01
7.440271371177410442e-01
7.430278831948908813e-01
7.434967166999582044e-01
7.519287506881305871e-01
7.353183702529531018e-01
7.267302621567049981e-01
7.411745313282573910e-01
7.509731118956557427e-01
7.415912606102638138e-01
7.251750659926124998e-01
7.416951786032038862e-01
7.444052843453136115e-01
7.406026220289464446e-01
7.525824790455810653e-01
7.423523061218766372e-01
7.405194029243545861e-01
7.407678685028813437e-01
7.399507271790729535e-01
7.348726717117400886e-01
7.407920114377264387e-01
7.422247411265193717e-01
7.429301414734399422e-01
7.434365125724571310e-01
7.341633954710368171e-01
7.255576707041364592e-01
7.390250733377573544e-01
7.536079732359547423e-01
7.237713381260060252e-01
7.390427722951797840e-01
7.459530318878295763e-01
7.254801402895367790e-01
7.562697235918632854e-01
7.430081768205848425e-01
7.501959201303541880e-01
7.443970224371656563e-01
7.422641936867125922e-01
7.356230371306478055e-01
7.311802113484627830e-01
7.370638295925403538e-01
7.522277326793117558e-01
7.424301857924612280e-01
7.480101039187827539e-01
7.437402651570637069e-01
7.338566155326655682e-01
7.233432220880663399e-01
7.398973093039981075e-01
7.328329664439490188e-01
7.466737296485203013e-01
7.387072145030156856e-01
7.526003528017827238e-01
7.424666045937479142e-01
7.460195035236194538e-01
7.311121023354010262e-01
7.555896899807115208e-01
7.404673574660149971e-01
7.606958262236922508e-01
7.439586480265674151e-01
7.308405704197612485e-01
7.309001831609712729e-01
7.492393582441393418e-01
7.338947148863053105e-01
7.301450597021167388e-01
7.434556312975393322e-01
7.397488800328552161e-01
7.299527651876382972e-01
7.491957835344732475e-01
7.540661769050039931e-01
7.431212616146175565e-01
7.452120036225685640e-01
7.233688997070544247e-01
7.342677861450137566e-01
7.433113591422627620e-01
7.318383295864127058e-01
7.261877972752015520e-01
7.497534942330507102e-01
7.482265370193351695e-01
7.378269996666060315e-01
7.316169496474355105e-01
7.364447706632120116e-01
7.498449444173646006e-01
7.220009542651213419e-01
7.340054578013016640e-01
7.458975373478774484e-01
7.418070522811750500e-01
7.355188078703897014e-01
7.370295420919886764e-01
7.385428590623196454e-01
7.264948485907259945e-01
7.381237095996080466e-01
7.347048764234730411e-01
7.622469637969783163e-01
7.390329217115912952e-01
7.324847634025197785e-01
7.384398273319616735e-01
7.327580545475531615e-01
7.399933830520916134e-01
7.393427096666737031e-01
7.480233157356203089e-01
7.469656354421089217e-01
7.434059499528820059e-01
7.459846492030017817e-01
7.432593064187600351e-01
7.451164002331470693e-01
7.495636466981139279e-01
7.378677502704715785e-01
7.608744460475329596e-01
7.345676788110158117e-01
7.283736496552413175e-01
7.391804304224643962e-01
7.253183324889918016e-01
7.268841739865707918e-01
7.418431608908103714e-01
7.356156589563143111e-01
7.385567203645739820e-01
7.313422764059156478e-01
7.161926243544909365e-01
7.204574080872394592e-01
7.372669589355297370e-01
7.437176664670267501e-01
7.407090905819956328e-01
7.531033775507222083e-01
7.350658612445057916e-01
7.418542074850175139e-01
7.313247286280317727e-01
7.264070251261931510e-01
7.374241046436800229e-01
7.363202903214626227e-01
7.307140373043716775e-01
7.469556683064653146e-01
7.292690650125422946e-01
7.360600401627510614e-01
7.342470872883407607e-01
7.518407265137305728e-01
7.616567034149429594e-01
7.454202898606638872e-01
7.409197196318758616e-01
7.494892540311357543e-01
7.201710746476568392e-01
7.546995197221505469e-01
7.553147757333256163e-01
7.349247792924671341e-01
7.474738029794577576e-01
7.401138711455862440e-01
7.456526393772839878e-01
7.319077725067834050e-01
7.480611240159565911e-01
7.388956695919502993e-01
7.500712089189520704e-01
7.421781621857826972e-01
7.378007210513755076e-01
7.488030443368222100e-01
7.331189130377503416e-01
7.452524900307357925e-01
7.388858786930667666e-01
7.413760251161612969e-01
7.497362679817883846e-01
7.345295992098789251e-01
7.464069867032603334e-01
7.481909898407816950e-01
7.369302579848745482e-01
7.291406888658736873e-01
7.375563247047152160e-01
7.251165823792401488e-01
7.392050180685540983e-01
7.471184518316255074e-01
7.270541444109487328e-01
7.406380983984215405e-01
7.378867132314352872e-01
7.222467634358200606e-01
7.416964494760261983e-01
7.397444797184622445e-01
7.493995982168041303e-01
7.362893204431416594e-01
7.387486687318545187e-01
7.379459711848809222e-01
7.459026844277069079e-01
7.376037063632456814e-01
7.358227980301753623e-01
7.313714733414314884e-01
6.436068900070727183e-01
7.260763406763259820e-01
7.418645677049857667e-01
7.372559688639263031e-01
7.423994612308004726e-01
7.235015198145773319e-01
7.622041743215565157e-01
7.517966819528053568e-01
7.394003412950279630e-01
7.534389949940357711e-01
7.401830298541567377e-01
7.346294274612119590e-01
7.374184456167495183e-01
7.503628829737059025e-01
7.407624075125067709e-01
7.545528989974058520e-01
7.449891520133979927e-01
7.269908591785548824e-01
7.188041489079571855e-01
7.411651747568084314e-01
7.168489657068645160e-01
7.411216291527708000e-01
7.461946181131066114e-01
7.621399054377530069e-01
7.433246156520660897e-01
7.408744324499502154e-01
7.520337983770432055e-01
7.538772676985938670e-01
7.367860577403854139e-01
7.461008276450509236e-01
7.338437828012815967e-01
7.502237773192977910e-01
7.424748446815699898e-01
7.361495638792364682e-01
7.393785083327855112e-01
7.402346767588557919e-01
7.375652065926081580e-01
7.335313939798346894e-01
7.338891204894296694e-01
7.397218498182168700e-01
7.351760441071326646e-01
7.311189273955978063e-01
7.331319655593759865e-01
7.404895619642275495e-01
7.410399610900422207e-01
7.464276067171278228e-01
7.236641481720689217e-01
7.462224780808481839e-01
7.353370408982570217e-01
7.358454037094630529e-01
7.517035273406262874e-01
7.432980061012814943e-01
7.287296871350041894e-01
7.424854906058068194e-01
7.320335111969219488e-01
7.374348037289840674e-01
7.292700333929016399e-01
7.392203482565314898e-01
7.422102793064080384e-01
7.422071542815114054e-01
7.208040863872297033e-01
7.430812672531009744e-01
7.403983385006828177e-01
7.421698071500811844e-01
7.414348225590170482e-01
7.370478958205620712e-01
7.505471861297217107e-01
7.504880396122486363e-01
7.361631709722038508e-01
7.446234700125440309e-01
7.340352100327686147e-01
7.506480505502985956e-01
7.628217392781231343e-01
7.374569526164739264e-01
7.411096854316691074e-01
7.481142037061133676e-01
7.463919258122797551e-01
7.398286887321303684e-01
7.580475234172345811e-01
7.360958690279058025e-01
7.464865064951100582e-01
7.279214414570560621e-01
7.335716640492969676e-01
7.520794852899909122e-01
7.372328616209770091e-01
7.402112717544168108e-01
7.450508839900302771e-01
7.357563962466755481e-01
7.428842751385478227e-01
