7.361997083647918716e-01 1.924849529013094307e-01 1.180894612461572901e+00
7.472202891069308350e-01 1.968972787140602643e-01 1.288835363445254290e+00
7.437812430652107620e-01 1.967183179204194943e-01 1.222730941646428926e+00
7.607811776161421680e-01 2.018823935582049756e-01 1.296971158095215237e+00
7.300119431924282365e-01 1.927503393168470414e-01 1.223566267204228453e+00
7.576660389154529218e-01 2.033307972219342841e-01 1.299573891761024003e+00
7.180090913132921582e-01 1.922959929295700032e-01 1.184900433064726366e+00
7.359112978393936855e-01 1.906251126496170956e-01 1.210778446969549726e+00
7.287611960418389767e-01 2.015803783097862567e-01 1.218880859571377817e+00
7.371571882109558826e-01 1.948925253502630794e-01 1.201557572357232928e+00
7.472960415836028547e-01 2.034946083318609489e-01 1.266193392842939414e+00
7.438022104299879533e-01 1.946321550544048151e-01 1.304866172235145561e+00
7.534745989798544707e-01 1.971162456374731253e-01 1.299852623497834037e+00
7.590768483789174237e-01 2.006607856863314998e-01 1.261511388322491989e+00
7.413559946179744120e-01 1.952425632736791705e-01 1.256709140555095638e+00
7.319238868771195117e-01 1.894455493657153655e-01 1.189152431832781742e+00
7.292344714469159994e-01 1.907219222948089710e-01 1.209412916888298550e+00
7.365224498945475151e-01 1.955340781186732935e-01 1.251817610742467890e+00
7.348636700513061504e-01 1.931769187100831342e-01 1.261584750142013212e+00
7.358118261379071878e-01 1.914890437371165877e-01 1.209992288277921713e+00
7.428960028774953539e-01 1.944918862994593212e-01 1.209529717493750933e+00
7.470687161986856450e-01 1.971510308891078478e-01 1.243837344844974657e+00
7.472958996121562558e-01 1.986243182649133909e-01 1.284498421509874477e+00
7.437480366976444435e-01 1.931842027395707373e-01 1.242179077886669036e+00
7.445329188792710884e-01 1.950982521290288985e-01 1.209721901952270695e+00
7.516552614993735615e-01 1.935212112628103553e-01 1.273841553805818538e+00
7.275169610825188427e-01 1.922812116198178711e-01 1.249105070795128114e+00
7.291411865209080911e-01 1.935028323205737477e-01 1.223264845652340060e+00
7.293945328699222852e-01 1.912696828190024179e-01 1.207266463906804699e+00
7.442851163809548476e-01 1.999083432000109406e-01 1.262147225937395145e+00
7.377182830637717403e-01 1.943700701289760857e-01 1.252444342595246951e+00
7.379240965464681778e-01 1.968410231039719738e-01 1.239867278158219843e+00
7.418458002343095714e-01 1.943769930976327331e-01 1.221240062007020954e+00
7.432167799767177563e-01 2.012908724285457640e-01 1.242074034768643642e+00
7.333845618183360004e-01 1.920687635272307625e-01 1.278889353451699185e+00
7.460795930648024266e-01 1.930727580420635026e-01 1.241156491231269587e+00
7.461243234179795181e-01 1.997758602220933710e-01 1.211701140690338852e+00
7.235760751386006717e-01 1.949907886780635202e-01 1.212049264289754902e+00
7.421772708164777743e-01 1.983565402272208511e-01 1.264828187012869698e+00
7.394592052923469883e-01 1.981056716043982924e-01 1.213130458179265014e+00
7.169963584523777467e-01 1.909649566522680364e-01 1.205204516033683060e+00
7.471569145999411576e-01 1.965551226333727142e-01 1.261092269451243864e+00
7.379282475728878854e-01 1.934321937043516904e-01 1.239046566315403108e+00
7.490227223450980354e-01 1.974957685141562891e-01 1.220794280311525926e+00
7.420243470642391426e-01 1.964580130927021939e-01 1.269341225227538228e+00
7.280574385555173000e-01 1.931157877314039206e-01 1.196726899708784764e+00
7.286145755341365549e-01 1.947722907378219570e-01 1.218679262543514996e+00
7.358636664208325628e-01 1.921707626551176773e-01 1.217463988091249671e+00
7.413394860443692780e-01 1.975697050815960754e-01 1.236778507134926430e+00
7.505240118174191233e-01 1.978476374635619595e-01 1.267695616128411196e+00
7.275442407517863641e-01 1.894151284026257820e-01 1.238314046853626227e+00
7.374789478419162547e-01 1.935305668262936318e-01 1.234337086128160621e+00
7.254715235614501712e-01 1.953421048183323072e-01 1.229142682090320626e+00
7.437449318024560441e-01 1.965453392782954001e-01 1.276331056005490572e+00
7.375872264904347331e-01 1.929019569813361645e-01 1.231584367974154270e+00
7.444659783066308600e-01 1.975858928931568392e-01 1.280941947970747563e+00
7.507941582496829858e-01 1.972617064546677290e-01 1.262645601164189335e+00
7.460376594109673354e-01 1.948390989888334479e-01 1.289752399953773665e+00
7.380474643218815078e-01 1.960991641910477812e-01 1.265872203710638688e+00
7.569741567691794515e-01 1.967300218153603397e-01 1.279051572764353661e+00
7.451784478590769423e-01 1.957751217835740354e-01 1.266533963908207161e+00
7.451525311806370677e-01 2.034283704309183261e-01 1.292245143553609754e+00
7.371717721073585139e-01 1.941013988769737519e-01 1.177182670040371804e+00
7.285375699717271392e-01 1.927283190257667311e-01 1.175579987684927330e+00
7.412560545014774682e-01 2.009635688724968894e-01 1.256361527276809165e+00
7.565313970808096311e-01 1.998065514698587064e-01 1.298752877461763156e+00
7.461225794599902761e-01 1.998393935716313852e-01 1.256983173875209303e+00
7.348761696307605229e-01 1.961126378194706088e-01 1.266014580205164552e+00
2.763637911095936373e-01 1.208938877838056092e+00 1.927892541368582402e-01
7.361156092690462893e-01 1.903188805136225847e-01 1.205102913479770166e+00
7.380163567227979726e-01 1.946652113852720967e-01 1.215070243300600428e+00
7.387858311978471315e-01 1.971227855555248709e-01 1.232225516268818266e+00
7.522717466378781026e-01 1.997385883043284460e-01 1.246530099504206790e+00
7.199133535539683493e-01 1.920664009348899415e-01 1.188957335513697311e+00
7.398773871120895018e-01 1.927509560073271677e-01 1.223270298883557317e+00
7.382139644454955851e-01 1.922631476426439334e-01 1.210904280521629461e+00
3.842690929217468243e-01 1.578210699042162657e-01 6.257462936609601734e+00
7.160006523828390534e-01 1.933353823056792042e-01 1.158914149793492943e+00
7.426111335297710392e-01 1.971885754540635416e-01 1.229409141745039902e+00
7.430141794618775331e-01 1.956946935525970821e-01 1.255536787356854367e+00
7.390457393152388699e-01 1.941835998783503492e-01 1.234958920334391586e+00
7.268787842899174789e-01 1.885796351248683889e-01 1.230756015569766548e+00
7.293463494744341080e-01 1.910803943662223725e-01 1.249747104215188642e+00
7.304641126679265462e-01 1.965579136971096763e-01 1.255849237956656816e+00
7.437588430793373728e-01 1.997638305468287800e-01 1.243889615578019692e+00
7.378621061018788563e-01 1.940371988003204429e-01 1.266815180682858921e+00
7.447046097921093954e-01 1.942785839202229303e-01 1.305539476146201805e+00
7.288242265042237378e-01 1.954099689586025479e-01 1.216123875269976340e+00
7.404699241303769330e-01 2.001692789017188168e-01 1.253387915791627227e+00
7.310362376635016757e-01 1.946867968862149301e-01 1.217383129591972146e+00
7.216337407064539189e-01 1.936484404497997025e-01 1.243864504486744460e+00
7.367768805424749212e-01 1.955406435011972643e-01 1.280331887645984379e+00
7.422705742642601301e-01 1.941426304225965516e-01 1.197946383242911805e+00
7.465505494399095054e-01 2.009649946364211737e-01 1.228082668546155665e+00
7.405012651734951268e-01 1.930526481448896770e-01 1.229152222836975117e+00
7.206456507526507460e-01 1.934883171974452754e-01 1.174297606767838564e+00
7.504968818029540412e-01 1.994879520159355546e-01 1.301631524284220687e+00
7.466542508892419772e-01 2.042209323353265105e-01 1.239147541541237629e+00
7.504495852955609392e-01 1.979015239515282132e-01 1.268636078191671457e+00
7.321996470118470324e-01 1.919094218598999257e-01 1.209698394134703037e+00
7.257836799188939203e-01 1.956960433095117358e-01 1.161380866779795573e+00
7.330269031269510682e-01 1.917151593550787680e-01 1.189910287762661500e+00
7.491017010304362733e-01 1.955880365392326237e-01 1.268293631486275608e+00
7.380289292994630657e-01 1.923460994343618169e-01 1.229409735709794838e+00
7.544759261795941363e-01 1.941655868742297730e-01 1.291038899298191378e+00
7.397705893452493076e-01 1.994889180930567441e-01 1.227321654349019520e+00
7.470628712267325389e-01 2.056269503087112260e-01 1.305766734508039706e+00
7.473107444373110475e-01 2.026913506857158098e-01 1.231185452238816591e+00
7.344300743665211906e-01 1.989789492007462968e-01 1.210151020307410619e+00
7.408538644291038366e-01 1.972800596976071186e-01 1.230876034229328564e+00
7.523084100607635438e-01 1.941269797134724806e-01 1.270301858496702518e+00
7.296517755407448957e-01 1.992783871651604422e-01 1.248893860794380251e+00
7.238334087155924301e-01 1.947223890722792894e-01 1.190555757737910225e+00
7.296294145787568519e-01 1.938597001365430783e-01 1.253661256175537364e+00
7.382380247676758600e-01 1.961872826572662876e-01 1.253612448404235469e+00
7.367802190181779176e-01 1.979307256210849353e-01 1.229826286605049557e+00
7.344887708094327561e-01 1.948490282924157380e-01 1.233286030020646962e+00
7.307554026861591279e-01 1.848597678881810646e-01 1.253459256926664267e+00
7.250643433103224345e-01 1.871520611410876778e-01 1.231578614477460532e+00
7.320395200839695526e-01 1.885816833857074937e-01 1.232664758361891932e+00
7.490681960659059113e-01 1.963821080713984146e-01 1.274064999214392646e+00
7.381421798549893110e-01 1.944398334237666948e-01 1.202641348219821049e+00
7.372360598857551350e-01 1.933810801543935365e-01 1.276725372208330045e+00
7.402401601747574666e-01 1.981554844105635205e-01 1.236202953175256969e+00
7.553825785602991116e-01 2.006408679162408337e-01 1.247472501342877127e+00
7.553323176822670515e-01 2.007565112710785193e-01 1.315491304149874141e+00
7.341789492432296838e-01 1.928091527124466964e-01 1.208482579945730162e+00
7.292534765816814923e-01 1.901523910346051283e-01 1.151441672393617166e+00
7.319522780649265759e-01 2.012396485500164700e-01 1.244625772193620472e+00
7.298950275286097966e-01 1.914779949390636171e-01 1.249927377067782341e+00
7.336391805344572026e-01 1.910130278644690816e-01 1.245793950456029364e+00
7.498255564065425816e-01 2.003931412050366512e-01 1.242073154860472650e+00
2.569272231874225043e-01 1.228579070269267159e+00 2.012864096081138643e-01
7.525873332361412427e-01 2.037604544380189064e-01 1.233528946245838309e+00
7.530400910228819411e-01 1.988300799631995130e-01 1.287197414348099977e+00
7.320584225787828414e-01 1.907036795387450911e-01 1.227579569786412694e+00
7.364367280492870593e-01 1.958495793256919137e-01 1.207038812335930134e+00
7.315696022071195292e-01 1.965224824330584208e-01 1.210434708442068796e+00
7.438387674669111327e-01 1.965029857404582414e-01 1.267827320237856270e+00
7.389923745887353457e-01 1.934146389816970013e-01 1.218668550509489856e+00
7.438752246869041462e-01 2.027467706627296695e-01 1.255450776340272245e+00
7.406100031833332542e-01 1.999880017448732727e-01 1.265520880319201957e+00
7.283256183418815866e-01 1.914544260642702389e-01 1.246037733254873991e+00
7.347986285710788046e-01 1.957472411300147652e-01 1.199445375370166822e+00
7.428811677151080373e-01 1.969672291784716200e-01 1.252544549716540390e+00
7.322900585766985992e-01 1.973545662822332181e-01 1.260597520887213996e+00
7.457850441877880154e-01 1.934591933451918488e-01 1.269900003028461954e+00
7.380247928698603355e-01 1.958752373275393643e-01 1.256989920687324291e+00
7.619723091049578345e-01 1.999667644692739443e-01 1.311593993059457564e+00
7.461938855592590292e-01 1.945045311463935167e-01 1.271079856081941850e+00
7.194559876252671904e-01 1.884692245517883835e-01 1.197857845800947008e+00
7.368285617890659722e-01 1.892768982409184231e-01 1.187565332192638046e+00
7.516028330607503749e-01 1.979209472853451779e-01 1.256631901628120662e+00
7.301249584686780869e-01 1.895964730368913387e-01 1.186942176826399242e+00
7.428381506607464324e-01 2.006839568838478804e-01 1.272645458612901681e+00
7.250344195501634559e-01 1.935652061047441752e-01 1.208804133451927276e+00
7.362429669224415107e-01 1.959503574933684211e-01 1.263171222300557561e+00
7.513165578933841404e-01 2.001177497592592780e-01 1.302464831674546408e+00
7.330672190934064414e-01 1.930612094838508874e-01 1.258923986244669502e+00
7.495252156389411446e-01 1.998487600290400068e-01 1.279233970420151634e+00
7.445184608006923943e-01 1.915289164390082677e-01 1.286691556700012118e+00
7.442860269974442833e-01 1.971217804406568130e-01 1.300720860128855572e+00
7.342521920805764601e-01 1.931185487053378169e-01 1.165719038247828188e+00
7.408172025753412271e-01 1.937095981335458794e-01 1.190260168780449934e+00
7.358814269419134968e-01 1.973927607571759335e-01 1.245826650922919443e+00
7.346897926828452885e-01 1.977843704461914598e-01 1.228194410713793205e+00
7.499606967107373956e-01 1.953366296875229391e-01 1.280556974884140553e+00
7.326496991705427897e-01 1.967012364885942499e-01 1.246247896570791713e+00
7.298519225939841260e-01 1.930334915233048176e-01 1.212388983103584561e+00
7.308963690226634169e-01 1.955904382971608846e-01 1.234761277939180779e+00
7.365339566097084401e-01 1.949984451433019461e-01 1.216340781911173563e+00
7.326232893345735464e-01 1.952721451378814921e-01 1.193164474406491316e+00
7.508476793309957209e-01 1.955867055797911036e-01 1.265494512828160056e+00
7.360298630423522948e-01 1.929855055711642842e-01 1.225777265777048042e+00
7.407519742231765125e-01 1.936881759087859811e-01 1.202447088682583987e+00
7.415181287130443444e-01 1.968001573826480555e-01 1.251770849061836222e+00
7.488087758692487661e-01 1.945243889910662494e-01 1.317118369236230713e+00
7.320108510286192915e-01 1.907288014244658547e-01 1.240195402632061406e+00
7.552965073514457117e-01 2.011272178193123927e-01 1.296473770527787339e+00
7.513233290080589821e-01 1.992408903195041769e-01 1.238835195607434603e+00
7.415707346739215389e-01 1.915368644131997256e-01 1.242942544793509407e+00
7.584759368743460017e-01 1.993709441985472286e-01 1.264786089705414840e+00
7.407278945531586833e-01 2.003854752271176931e-01 1.303144727984665296e+00
7.335803186452490854e-01 1.908667377162376888e-01 1.252164260633792603e+00
7.547470185635147821e-01 1.972993716975089129e-01 1.284144814779447641e+00
7.310845177386562366e-01 1.933212088488553415e-01 1.205831266531343315e+00
7.514371469160264772e-01 1.998859149334112073e-01 1.286695095543874734e+00
7.351655695199725837e-01 1.926872159648454763e-01 1.231551341720626747e+00
7.365699180869118567e-01 1.927608358109418607e-01 1.240405491271076688e+00
7.378321052231592292e-01 1.987050604225009398e-01 1.236178428318647216e+00
7.375642769940228272e-01 1.913841705501952428e-01 1.246582629350418525e+00
7.401054637148355431e-01 1.947039047494887321e-01 1.253468535186193833e+00
7.376934714907734669e-01 1.941044642014873312e-01 1.197848646515806470e+00
7.438508255173190697e-01 2.006794960908141745e-01 1.249057321040413226e+00
7.347584823148409772e-01 1.938633483357127540e-01 1.257303626976025823e+00
7.244958393517135775e-01 1.907809878695711503e-01 1.164696871853415416e+00
7.396950748507586937e-01 1.951028582240186271e-01 1.231591593493065906e+00
7.522202930930972364e-01 1.970437752178518520e-01 1.299355397328474382e+00
7.431052679732746968e-01 1.966055194626974978e-01 1.212351376320981222e+00
7.417748359753234544e-01 2.019323911756862322e-01 1.225139309100830909e+00
7.441438805929445621e-01 1.910666956133183492e-01 1.275048642726437365e+00
7.499841729645828625e-01 1.995066263218909508e-01 1.264549034643436487e+00
7.371680902440902461e-01 1.953117338457830143e-01 1.259648429727626473e+00
7.545412666845121574e-01 1.996586252865883149e-01 1.261545768020444269e+00
7.453534246982062017e-01 1.959340426865552320e-01 1.300440262349505716e+00
7.395564381123213016e-01 1.972970546815930870e-01 1.234445765544424090e+00
7.455602294976230171e-01 2.028934658676843916e-01 1.280113874084087833e+00
7.514928287803956941e-01 2.005105777564479275e-01 1.281850166954877634e+00
7.394745562731668276e-01 1.956544704129156709e-01 1.225298170752599614e+00
7.357550275033619691e-01 1.980977446249399809e-01 1.230938771459646253e+00
7.385782106207267050e-01 1.917371872180741732e-01 1.246862350907445460e+00
7.508407706053721320e-01 2.004638771017243082e-01 1.279916759344233768e+00
2.475531641877220246e-01 1.271403318051859355e+00 1.994490939311055200e-01
7.401024609193583847e-01 2.002743687006762474e-01 1.280433773285605037e+00
7.565365218463482311e-01 1.997624268951283255e-01 1.301840784700280862e+00
7.380893436466575697e-01 1.993540280264978759e-01 1.245062435358066599e+00
7.234722087069347385e-01 1.904581729215995556e-01 1.211729690530833903e+00
7.241146628643450045e-01 1.914157580029510475e-01 1.211241959302316262e+00
7.503119799775259668e-01 2.001730672224376062e-01 1.262686008997697229e+00
7.288551180296687360e-01 1.887240165633490563e-01 1.202022927046076495e+00
7.531785295905940592e-01 1.919168972414274921e-01 1.300221981516259895e+00
7.310503146715853218e-01 1.916512330105931139e-01 1.215342424437546809e+00
7.437301311474245891e-01 1.978535444068804661e-01 1.248432526856667169e+00
7.455259864007771631e-01 1.981012406994386854e-01 1.237794703992483702e+00
7.488706019492973320e-01 1.942968527261348111e-01 1.234579007998982680e+00
7.464922733905543506e-01 1.957879639128357330e-01 1.272012603402423725e+00
2.647247813548238016e-01 1.210223118305957080e+00 1.995114684441587072e-01
7.365607405517891060e-01 1.933473831923432362e-01 1.222435271321296701e+00
7.462086461070368548e-01 1.997935767037854748e-01 1.245046932764141578e+00
7.391012824304559192e-01 1.984688886790284545e-01 1.254557544330503482e+00
7.564189760604472790e-01 1.995145658715156700e-01 1.334230422727809451e+00
7.500393288750526466e-01 1.980741556158660266e-01 1.224569909783239652e+00
7.381518092788318386e-01 1.942842637630879665e-01 1.210429325023618219e+00
7.498915811335014059e-01 1.971589940485471704e-01 1.325693120846878958e+00
7.364067063688858328e-01 1.888653090214214292e-01 1.263957927473993603e+00
7.362867278601971099e-01 1.987089956967058590e-01 1.222302400095164776e+00
7.387597462114657842e-01 1.916011678164813159e-01 1.217389650089549136e+00
7.367465175077756445e-01 1.919968074500630895e-01 1.241506012982287244e+00
7.397273358706673019e-01 1.999261713309773703e-01 1.228257204196716579e+00
7.350724879961735292e-01 1.929950056983190110e-01 1.258094365683768867e+00
7.415903019785226036e-01 1.997725491715509338e-01 1.242077635874572650e+00
7.348810352721750760e-01 1.940178099064217843e-01 1.242057601933003408e+00
2.621125720728061381e-01 1.228198701033803797e+00 1.931425325348753719e-01
7.422842683654544693e-01 1.968272789017833091e-01 1.219678113348241721e+00
7.345021645848331948e-01 1.940589848580998589e-01 1.230522169035126900e+00
7.327892480964174338e-01 1.913521689454993624e-01 1.259299331624532226e+00
7.218336032299658145e-01 1.921798531151525935e-01 1.177645415660048656e+00
7.430233179760331597e-01 1.959884163945202484e-01 1.242123480431778892e+00
2.772836326516396332e-01 1.211024632110279942e-01 1.814866888062790284e+00
7.372242375689612714e-01 1.952994990151669386e-01 1.260872714415995688e+00
7.311293628817117085e-01 1.921222460753089778e-01 1.208045635279141772e+00
7.410220737537103197e-01 1.922811235792344087e-01 1.267250665579751745e+00
7.377709069414160048e-01 1.940774136566085217e-01 1.225457842607753811e+00
7.478326966368046280e-01 1.949316433350526956e-01 1.256699830902995307e+00
7.256209364070322909e-01 1.961713319963437341e-01 1.212925797439899922e+00
7.495938259432748385e-01 1.914097729164277450e-01 1.267935257777061953e+00
7.444628767143375292e-01 1.982348940342644195e-01 1.267082798703300650e+00
7.444561580548534341e-01 1.997030146111930249e-01 1.240565651328214170e+00
7.485491944453399604e-01 2.003832693061499970e-01 1.282475286089268085e+00
7.307496426274521228e-01 1.952075759433339053e-01 1.240591352991747387e+00
7.301133762419120821e-01 1.968037058708122788e-01 1.200758443175190315e+00
7.353030035154236588e-01 1.945580803165784245e-01 1.190752442601780814e+00
7.365174315425203622e-01 1.936946371442845316e-01 1.219859957278673246e+00
7.402468643013793148e-01 1.925985342494608288e-01 1.231432684025459245e+00
7.281329182415879897e-01 1.931079631822396336e-01 1.212061374526555824e+00
7.512152314156399502e-01 1.970193821015183144e-01 1.235556466197662573e+00
7.533331458254527435e-01 1.944931782895962802e-01 1.239021795168681050e+00
7.437933617822641841e-01 1.960934828298102062e-01 1.239671060852111095e+00
7.427802238198638607e-01 1.928185316362017454e-01 1.228941154150812620e+00
7.433076283779568305e-01 1.970177498736217225e-01 1.238350663054182510e+00
2.612611460378955197e-01 1.262726884041092124e+00 1.982550277696568108e-01
7.449169414179219739e-01 1.911020543531583293e-01 1.227297550810861226e+00
7.523125572374764758e-01 2.000308058174332104e-01 1.252104088616474709e+00
7.432836048873785462e-01 1.946680988276455748e-01 1.210517624671380910e+00
7.472298468362154056e-01 1.912906067441251801e-01 1.254639111543120134e+00
2.770473604100543996e-01 1.202245098584554972e+00 1.901193478372755208e-01
7.302908177029092673e-01 1.940933562812452162e-01 1.262561353284244126e+00
7.483787852459478085e-01 1.959860443323739321e-01 1.283424208041997971e+00
7.513668913851321296e-01 1.998795216941938180e-01 1.348648903309109359e+00
7.396888410878681430e-01 2.031706521452640857e-01 1.233316858278934447e+00
7.480300614203220233e-01 1.913073198409256104e-01 1.272738195157672614e+00
7.403242510759383554e-01 1.933293630750071157e-01 1.267485792444647430e+00
7.506338695134667782e-01 1.962903886201156078e-01 1.306932858601220770e+00
7.431783766930375457e-01 1.994417276791419502e-01 1.254324224974338930e+00
7.234367769296835560e-01 1.882123033820801150e-01 1.259563386184908040e+00
7.516970719930186062e-01 1.986310252795191467e-01 1.297612365327842632e+00
7.322460431918894619e-01 1.954479474782131188e-01 1.218111156462548417e+00
7.284537247291857920e-01 1.924103516368108058e-01 1.210030735785642575e+00
7.525628676072135814e-01 2.016559159737325857e-01 1.354451351982324692e+00
7.335752635799062116e-01 1.915840801523973347e-01 1.261000166701258252e+00
7.288286138798680813e-01 1.971094266348652202e-01 1.274118242279695945e+00
7.308314503188348965e-01 1.951011090942451620e-01 1.187294646020829791e+00
7.406408567088366146e-01 1.945260540562634699e-01 1.238684390333415486e+00
7.430922329301011819e-01 1.987431210378234892e-01 1.213455465533122668e+00
7.361222210426968671e-01 1.974152511798830667e-01 1.226226290661394325e+00
7.417460900936145851e-01 1.934648785940388804e-01 1.247214187295519583e+00
7.449656441258528661e-01 1.970882395060501724e-01 1.229913064847218074e+00
7.472587845790341632e-01 1.941347117486031948e-01 1.274921368389126508e+00
7.395139778937683817e-01 1.964158786395932277e-01 1.278331561377971326e+00
7.369368682178248919e-01 1.924060410686345979e-01 1.212203552721088595e+00
7.415474714772291032e-01 1.923411240927016541e-01 1.233795828154535146e+00
7.528097823523579590e-01 1.968867494643556926e-01 1.322305767211438443e+00
7.326352394086976805e-01 1.912105164507830191e-01 1.189298015315605639e+00
7.463823062555965393e-01 1.904248644040544003e-01 1.276463201851029350e+00
7.371760985691131474e-01 1.952362845466023844e-01 1.264192325145231166e+00
7.317933620423350272e-01 1.898546520443321894e-01 1.203170194549566530e+00
7.472164040916476901e-01 1.985064466708423014e-01 1.258358823928402037e+00
7.320703335196955264e-01 1.924020091783809061e-01 1.226390159810610170e+00
7.500502635846898469e-01 1.989365275214476092e-01 1.311175412568414966e+00
7.244825723777624793e-01 1.873771383276497948e-01 1.216604935830888135e+00
7.484337843226864795e-01 2.012050140911343654e-01 1.280134051001740492e+00
7.382304588201951123e-01 1.934901315702239888e-01 1.237019321723307419e+00
7.363975965804528956e-01 1.987932698822943989e-01 1.231532413036886542e+00
7.478550652237822005e-01 1.991605895113984503e-01 1.278820346620733073e+00
7.280234783476015048e-01 1.937144313328633960e-01 1.206170854843717777e+00
7.375853754250211169e-01 1.983547891142014852e-01 1.227474903436264864e+00
7.311086732569208602e-01 1.912320368987956432e-01 1.193011106157427559e+00
7.511128120733366886e-01 1.996288125126081392e-01 1.272966378104391616e+00
7.304160734527206378e-01 1.922990243749236328e-01 1.214849696586660421e+00
7.418776393551499426e-01 1.950122267017127820e-01 1.277776707586919303e+00
7.401499816688104083e-01 1.960332678726238731e-01 1.242638799677163508e+00
7.261357051657190143e-01 1.911094062523173154e-01 1.222366720013104091e+00
7.545718031004015058e-01 1.954363354771197214e-01 1.249267405333784886e+00
7.430258477699602793e-01 1.947279874821123691e-01 1.232924938143570515e+00
2.586632714674193534e-01 1.235610662700370233e+00 1.959276149643094933e-01
7.422919062300420423e-01 1.990974637764181265e-01 1.245991338247090852e+00
7.343936918899988120e-01 1.940878652969586227e-01 1.240440866632749550e+00
7.327288979728306950e-01 1.962814494669800069e-01 1.187374694352405724e+00
7.324121410833289714e-01 1.897295228863079553e-01 1.200082369420472750e+00
7.426537926680066848e-01 1.915246019644896991e-01 1.276196311956644625e+00
7.494041641736589598e-01 2.008524260686333773e-01 1.207830141890722908e+00
2.650997358791574166e-01 1.242300728792622433e+00 1.930330483649501105e-01
7.382680202645856005e-01 1.966184651620447310e-01 1.242999895201615468e+00
7.321617003606603058e-01 1.889443641338014734e-01 1.192332509364300908e+00
7.368373320462729970e-01 1.901877077493179802e-01 1.255522743491590321e+00
7.350722258123921771e-01 1.928007622845569202e-01 1.250738581942457683e+00
7.560933298083319931e-01 1.982625111653369687e-01 1.317386545000319931e+00
7.450528174646875446e-01 1.975015183246749961e-01 1.260672030564047974e+00
7.518667179418705437e-01 2.002074226279174085e-01 1.270439309651564264e+00
7.433721643290100989e-01 2.018121127137547932e-01 1.197004558169420640e+00
7.322341399642919857e-01 1.944238863099397308e-01 1.247063131825465243e+00
7.623646565587680612e-01 1.978676664245351824e-01 1.254903332782274727e+00
7.362395617871089204e-01 1.968466973785961416e-01 1.214947269815007891e+00
7.518531971109073675e-01 1.975357626821853951e-01 1.261783609927917382e+00
7.461865177108560898e-01 2.001648856284974354e-01 1.278705944414496587e+00
7.382635570152019655e-01 1.940440168527180209e-01 1.223066468355768155e+00
7.425623474651747991e-01 1.929323203625137595e-01 1.199642910118509320e+00
7.519977148405270206e-01 2.034778486209028459e-01 1.323338550271877745e+00
7.445426792924803028e-01 1.972321905355736982e-01 1.288342019028682506e+00
7.277116356181135837e-01 1.920027212356194279e-01 1.217043105418959437e+00
7.476772762538537176e-01 1.961529090507225515e-01 1.246425459953233617e+00
7.379928248040376060e-01 1.955908209031262113e-01 1.204377905354639289e+00
7.393827690967698096e-01 1.964511156146097060e-01 1.240550017231649926e+00
7.475942085749396337e-01 1.944066472493769793e-01 1.214259488250273078e+00
7.373535764061047715e-01 1.907483715988722850e-01 1.216645297764094913e+00
7.473525429456681080e-01 1.980400407575883537e-01 1.247682174134614908e+00
2.478287626491363083e-01 1.264978386456374615e+00 1.988365457540599845e-01
7.384108542463729830e-01 1.900758005720264154e-01 1.228974606510612855e+00
7.341435788072226964e-01 1.911957826153401485e-01 1.265805658176803350e+00
7.499350499023041960e-01 2.003611443653083579e-01 1.239846067846713584e+00
7.403218048191202438e-01 1.986865743027654285e-01 1.273053815981333603e+00
2.743994998125068863e-01 1.162214916232550799e+00 1.934086216118341695e-01
7.277858229486559027e-01 1.926421169707532577e-01 1.255740546168041316e+00
7.456573216076672894e-01 1.992154733657906518e-01 1.258960865951739949e+00
7.376737451409645097e-01 1.981789702401013931e-01 1.272224402228023576e+00
7.427971470806558063e-01 1.948732081709706743e-01 1.271477131454688436e+00
7.505272439211532198e-01 1.950521908457164000e-01 1.307216809567546489e+00
7.393120182418936315e-01 1.947329317000011939e-01 1.202351549119572427e+00
7.513811813106112680e-01 1.993720483860474124e-01 1.249211859163695371e+00
7.345344308175373316e-01 1.925792339556166022e-01 1.223286391784998539e+00
7.416293781917355776e-01 1.964242940054832798e-01 1.269132268988534262e+00
7.535065286368293203e-01 1.983290086179659850e-01 1.261602259532706327e+00
7.458546773697817267e-01 1.931463321752762141e-01 1.249685217297197504e+00
7.459196902942633045e-01 1.964817819662088016e-01 1.227317661967922691e+00
7.395850996439662373e-01 1.979426875553643717e-01 1.229349600051047986e+00
7.436989955431747568e-01 1.961630705720474044e-01 1.262834877337479345e+00
7.451297468676542080e-01 2.012447231106174461e-01 1.262099770897491924e+00
7.456235900721183141e-01 1.992770834380567513e-01 1.223461594601363167e+00
7.471940774580190237e-01 1.942086555781427359e-01 1.263735059653669390e+00
7.380223891342636566e-01 1.946567154752795181e-01 1.253371451781173818e+00
7.459173453718472846e-01 1.943519218990253095e-01 1.257468200846602269e+00
7.401926498771355112e-01 1.965115513819336857e-01 1.204397296781366755e+00
7.423242045232677500e-01 2.030634142091468086e-01 1.236358259450338615e+00
7.475849954386465379e-01 2.004406200520610359e-01 1.265799487526642952e+00
7.332982764840583201e-01 1.957678112021517536e-01 1.232746590767256567e+00
7.499697158268125996e-01 1.964112392095597182e-01 1.266901543224785431e+00
7.358113941785465739e-01 1.941149224132022455e-01 1.203643833482387349e+00
7.410524449980534500e-01 1.917934445969413093e-01 1.191617307610317145e+00
7.410937276879684399e-01 1.955408714157263195e-01 1.199165002757138110e+00
7.235094048645069886e-01 1.888397992015009019e-01 1.171778173466883066e+00
7.504854758161493278e-01 1.947480641147793512e-01 1.286253627380192111e+00
7.508720967744484387e-01 1.933194616748989680e-01 1.274486650018306522e+00
2.628083742751620155e-01 1.248739238156280074e+00 1.953890759939084509e-01
2.541840072251753679e-01 1.314011805216419138e+00 1.983092184086726328e-01
7.394611448883380289e-01 1.897573038528254930e-01 1.219858287702495492e+00
7.428637678268030786e-01 1.962856747718867423e-01 1.281247802526651824e+00
7.488363627554514013e-01 1.987684409657191342e-01 1.291808934328150027e+00
7.361852396207084759e-01 1.934017937878915738e-01 1.256936994265336338e+00
7.483890750074468912e-01 1.964106247900886670e-01 1.239295735710877144e+00
7.300788752690163808e-01 1.950520726444844588e-01 1.254591441262749685e+00
7.436779801176999216e-01 2.002623378820675426e-01 1.242734744451603257e+00
7.370852788389701260e-01 1.978824338125866611e-01 1.191370693880196008e+00
7.430244361595343960e-01 1.960578600541452443e-01 1.229838374385867406e+00
7.554476430999969017e-01 2.003044386490116791e-01 1.259842006669211090e+00
7.441492002249021631e-01 2.007976242955159529e-01 1.268947519040753757e+00
7.639225610325363069e-01 1.998061871935583045e-01 1.299236772008776075e+00
7.374914980101923145e-01 1.943370323296082780e-01 1.240393072775341166e+00
7.393794629563315013e-01 1.964005848315757696e-01 1.261602827989108722e+00
7.365012486035520389e-01 1.944542455216820842e-01 1.258892104563174685e+00
7.310619972493783703e-01 1.956548060126688526e-01 1.232923203143138524e+00
7.342102595924815400e-01 1.892079844469289063e-01 1.222672241027147999e+00
7.442424352445472513e-01 1.978918091494125953e-01 1.272551984996907581e+00
7.363285540138089225e-01 1.939780089173870070e-01 1.234555922501488823e+00
7.349088116060491505e-01 1.922538078912262305e-01 1.197594280034522063e+00
7.402948778238592764e-01 1.950450872790187584e-01 1.234468465369423562e+00
7.390357245150958043e-01 1.953422867772478810e-01 1.237721824941870663e+00
7.412956130878843863e-01 1.948895236435342349e-01 1.251716377342262820e+00
7.251983386660024733e-01 1.937861648535187664e-01 1.209381343043898660e+00
7.263175944123128058e-01 1.905902555110046692e-01 1.197830522676248899e+00
7.341161494059025294e-01 1.976529514550187383e-01 1.246987763647476877e+00
7.420928900434640152e-01 1.994575886347676741e-01 1.254929863405232604e+00
7.315281169444571852e-01 1.981993669994666085e-01 1.201671128796951482e+00
7.350763183014189517e-01 1.888947074658610670e-01 1.216153582895373120e+00
7.434781465833171232e-01 1.985691934967304673e-01 1.240805231706002987e+00
7.322067548069893794e-01 1.975849489270047887e-01 1.275322950960518398e+00
7.365258803367360496e-01 1.873031975830383722e-01 1.217553631074012932e+00
7.482059154096769582e-01 1.960459542888643991e-01 1.259214945806318653e+00
3.606224818848735580e-01 3.470104609389388917e-01 3.314677983243466297e+00
7.211686230379755758e-01 1.950411904531548779e-01 1.274248226927565897e+00
7.372263685991127247e-01 1.925412207874528381e-01 1.216348796813273347e+00
7.523749795285310515e-01 2.002416522914852726e-01 1.240698995837694385e+00
7.390476523903245498e-01 2.006953275553567395e-01 1.220949951391452348e+00
7.326841475281330451e-01 1.957399355605820290e-01 1.223903381111276278e+00
7.483594017323912384e-01 1.949497589427115207e-01 1.257959294676594286e+00
7.305934031640627380e-01 1.917821645270882391e-01 1.244106152813394761e+00
7.472450472980345371e-01 1.983418841777312702e-01 1.223196800209932267e+00
7.382661104416317066e-01 1.936521471625335111e-01 1.235619912289187772e+00
7.459636910840125035e-01 1.934000119494600767e-01 1.248873196665585716e+00
2.573873694043822269e-01 1.245810749773969217e+00 1.961550100319359169e-01
7.468554049549994689e-01 1.960388431161911860e-01 1.272628868877518027e+00
7.346907471513527410e-01 1.959096712822313846e-01 1.191193062032007255e+00
7.327113982406637804e-01 1.987545961557811436e-01 1.236839236701114730e+00
2.580638625303068312e-01 1.264629082240546154e+00 2.016028879631274751e-01
7.518828102750700904e-01 1.987098593088296727e-01 1.335745837175216888e+00
7.260329386413020281e-01 1.921850985358472819e-01 1.192510322182314786e+00
7.236109603749321106e-01 1.942107823227951502e-01 1.208260878685766482e+00
7.532623614239198906e-01 1.960607824273093158e-01 1.280480245539523665e+00
7.412118297136875977e-01 2.017926637081097485e-01 1.268291380197889895e+00
7.304217805859266610e-01 1.952538716971335409e-01 1.200714864838082541e+00
7.391864951396742711e-01 1.963622687049919602e-01 1.248412550233173768e+00
7.305197607380936597e-01 1.887754950802160714e-01 1.218183610275501705e+00
7.338719384898704234e-01 2.013799988115591577e-01 1.260242342785974135e+00
7.361698687045850065e-01 1.953260500721459847e-01 1.249584690952362021e+00
7.406198893385752546e-01 1.992209232668947783e-01 1.202201615561508286e+00
7.407164226741312918e-01 1.982741658678929542e-01 1.226942165580610533e+00
7.375382790342333017e-01 1.966584137078779271e-01 1.247947805022258327e+00
7.422381045736389238e-01 1.930424779886029119e-01 1.225972554238986323e+00
7.462753872362055674e-01 1.996880591575390940e-01 1.337741530856772165e+00
7.485789430835766423e-01 1.998891729556807051e-01 1.300997289939558765e+00
7.496945182262458873e-01 1.993642133827536189e-01 1.279980534120026103e+00
7.419945951880924095e-01 1.949758294182403484e-01 1.275859113845338344e+00
7.431043717127845394e-01 1.950340988081512017e-01 1.226852222940309378e+00
7.300796810269727377e-01 1.891213389478210161e-01 1.205919034704856951e+00
7.395219899460555579e-01 1.940004334213499826e-01 1.266277110594638655e+00
7.241998942290033270e-01 1.911702893808110426e-01 1.212364275058296803e+00
7.427255343640764007e-01 1.999219959861009699e-01 1.244669826106134858e+00
7.418145756597180895e-01 1.966642364356953609e-01 1.239839473260029745e+00
7.426565850053316042e-01 1.935514067186777099e-01 1.254332446060984374e+00
7.550707734990661502e-01 2.028023597239614340e-01 1.299129774810814375e+00
7.391520404979445846e-01 1.939404896267476752e-01 1.263433864520111527e+00
7.216831237976656377e-01 1.927939493585659192e-01 1.213975088994299067e+00
7.461595161581597857e-01 1.951570689834076777e-01 1.234463337420268036e+00
7.425503099394354933e-01 1.985458570736079176e-01 1.271449658753032175e+00
7.320308586494970182e-01 1.942070584619575713e-01 1.225745374275541311e+00
7.483420368101573183e-01 1.948697439115280872e-01 1.312833267770166623e+00
7.347023759880110250e-01 1.946053399624315394e-01 1.258659017733528174e+00
7.443718486600672257e-01 1.923493372227622622e-01 1.239605349572716175e+00
7.376581349556625700e-01 2.009203577963624976e-01 1.248502834243745196e+00
7.392476532293741354e-01 2.002060838624581396e-01 1.271216877168507065e+00
7.380386048977995994e-01 1.962180618547400834e-01 1.222469618319214302e+00
7.364999077128677740e-01 1.965872281306471070e-01 1.235583473880733196e+00
7.398770472615530114e-01 1.898683649276177443e-01 1.240395496584642654e+00
7.409259161539166749e-01 1.926648615790528540e-01 1.259323549491839556e+00
7.343873176416630955e-01 1.920089597248073321e-01 1.221761935930458565e+00
7.384005845984866756e-01 1.919552904404614457e-01 1.234247076533270482e+00
7.491555104620414296e-01 2.015719332409546816e-01 1.262133984845508872e+00
7.393269830161049994e-01 1.983163371998614422e-01 1.236307323855877938e+00
7.264654661854949014e-01 1.902442475058233329e-01 1.152002070585429250e+00
7.301020371033697387e-01 1.912640106090023606e-01 1.195176047957654530e+00
7.367455114049622500e-01 1.952947658909337247e-01 1.262733829019214715e+00
7.478537676662897482e-01 1.969466125072185103e-01 1.289625051879403017e+00
7.230043238452122933e-01 1.930771843361043238e-01 1.159316237427583163e+00
7.352978927628154304e-01 1.921878958590907127e-01 1.277818428045986776e+00
7.368856077681981143e-01 1.947342895372856375e-01 1.219952372800916063e+00
7.530754976211921914e-01 2.005637541960408055e-01 1.288268344527220721e+00
7.278220818381446744e-01 1.915578150748792619e-01 1.204641988934584518e+00
7.200272155066127500e-01 1.905329827757969441e-01 1.239573203045254646e+00
