7.480413341204837918e-01 1.971143655807932327e-01 1.272689156094400031e+00
7.153454474257787687e-01 1.922320884040309152e-01 1.195158820667778787e+00
7.411874593160291402e-01 1.955197317929361078e-01 1.258236158906253843e+00
7.463403382116303719e-01 1.966879813310290492e-01 1.274258499672384470e+00
7.356319220187947927e-01 1.941139480995477673e-01 1.260441033887933271e+00
7.482826906710587922e-01 1.892165495306199763e-01 1.223808059306633611e+00
7.320807487238181199e-01 1.921526508024800350e-01 1.223684937774540904e+00
7.362333446341191578e-01 1.884866443902417921e-01 1.217207085467891137e+00
7.457677633922600302e-01 1.932350609389103524e-01 1.230014814304518866e+00
7.466823167112562887e-01 1.943246871187232772e-01 1.218262516537544693e+00
7.493581470356672769e-01 1.997906464250248093e-01 1.288054142022457604e+00
7.562105570975948821e-01 2.003256189038571389e-01 1.256956817765709111e+00
7.405010007337154976e-01 1.949346784996661419e-01 1.240823024083863801e+00
7.355661218100869592e-01 1.966135492988934919e-01 1.269358178271501547e+00
7.304087063515558587e-01 1.935798122229817897e-01 1.237308773897339176e+00
7.396981043392525379e-01 1.933508814532481634e-01 1.229825921777470965e+00
7.437958766847979630e-01 2.011486772160937520e-01 1.292541221325250733e+00
7.492153514884439813e-01 1.955306692648478284e-01 1.250562391157192588e+00
7.446861046286371577e-01 2.020370149845478192e-01 1.269940606170225861e+00
7.274823640853553819e-01 1.932088904358042480e-01 1.244408000379476187e+00
7.471046426039358312e-01 1.901909252601832467e-01 1.233021724842260580e+00
7.376414737521550524e-01 2.002113137112909724e-01 1.259157361189846114e+00
7.191490718811339722e-01 1.905645545641639627e-01 1.174945223376179460e+00
7.516637699387974658e-01 1.982319108317331380e-01 1.234500206989141535e+00
7.381545089075606247e-01 1.928733583020250941e-01 1.269234008593446372e+00
7.382152436476445700e-01 1.924832916165578611e-01 1.186690989916385108e+00
7.192055670251993327e-01 1.902442878682862049e-01 1.190256531018746067e+00
7.354976495036643636e-01 1.982370660031893550e-01 1.240439806289476365e+00
7.429959064641571409e-01 1.979983322737342566e-01 1.216462210846672276e+00
7.413644919194402050e-01 1.972212771386313845e-01 1.226370742801031311e+00
7.312653541057345663e-01 1.976120585490290238e-01 1.230785881397295833e+00
7.421506993009051589e-01 1.942948984268377532e-01 1.176813835353443194e+00
7.439204548026567831e-01 1.957799846830572121e-01 1.232860975670071024e+00
7.340412074517526086e-01 1.899779634114401594e-01 1.192751096169799796e+00
7.289464151339786202e-01 1.950309108807212755e-01 1.219901063924605733e+00
7.264745380765039728e-01 1.906909637709375827e-01 1.263275691158931791e+00
7.343834970970195553e-01 2.004329972491701861e-01 1.247631879398156896e+00
7.336474077689042472e-01 1.968662090264852726e-01 1.250305256816844235e+00
7.439234465972427435e-01 1.945575858892363008e-01 1.233313008277064249e+00
7.562460296738736654e-01 1.974439701868896391e-01 1.301033593927624965e+00
7.444210886108556524e-01 1.958551786899677405e-01 1.206441731711501042e+00
7.596353309242079854e-01 1.996571891758678607e-01 1.287014330461118572e+00
7.425400369025590974e-01 1.976033475949653673e-01 1.259083707450543654e+00
7.356735982998614531e-01 1.957619881435800624e-01 1.220888214975641040e+00
7.491890762763989686e-01 1.936990978849514322e-01 1.242929986499755834e+00
7.365210637960589724e-01 1.957995410926874624e-01 1.202756382406305669e+00
7.572884319733516056e-01 2.018862637364597368e-01 1.255715120742267876e+00
7.389187030731759753e-01 1.933102669825645104e-01 1.263673405082224033e+00
7.248658044996196814e-01 1.948583408344083112e-01 1.191011395758181601e+00
7.360036867738980471e-01 1.912564884599856907e-01 1.194233862263199830e+00
7.448421898071548863e-01 1.959156377835472584e-01 1.232761131085305273e+00
7.423201935567245169e-01 1.954824857326279974e-01 1.331341842098886730e+00
7.241645393623115101e-01 1.902500235503542247e-01 1.186590634270872746e+00
7.416401494375424175e-01 1.981320652488461065e-01 1.206123732600870024e+00
7.410177379540346942e-01 1.911111122388771955e-01 1.253734724133724221e+00
7.373817771703369273e-01 1.949714329490890852e-01 1.232377332659858160e+00
7.316557178257702132e-01 1.893522657584375546e-01 1.174224417900186168e+00
7.392038555421187596e-01 1.928822095287529570e-01 1.262021240125891453e+00
7.356840648240287051e-01 1.998032241213177906e-01 1.252136515069674161e+00
7.343661834725916382e-01 1.921043167616502678e-01 1.236905245792020436e+00
7.511088370899235978e-01 1.988601947445342577e-01 1.277428928135984743e+00
7.315241216696576343e-01 1.933748848717598001e-01 1.205507486725476030e+00
7.386212421896068969e-01 1.973806773970136208e-01 1.237082856299821954e+00
7.367178740565815120e-01 2.002697705046732890e-01 1.189834908445404960e+00
7.425943721316530244e-01 1.955363454795592260e-01 1.270371908546282347e+00
7.394198830586579119e-01 2.005238330797993740e-01 1.252373997411976081e+00
7.443460698775457018e-01 1.978078437030726389e-01 1.280281847059031808e+00
7.174410110755344849e-01 1.842892395530994487e-01 1.166992371948511353e+00
7.428383221853015472e-01 1.967192440124899133e-01 1.220306582791542027e+00
7.307917074814206382e-01 1.929253097072869683e-01 1.245871627179991226e+00
7.265748859921624669e-01 1.887283267981696711e-01 1.243809737644301139e+00
7.312919923720277993e-01 1.896946361920363033e-01 1.254550724443915799e+00
7.564677657795990662e-01 1.971077738856326644e-01 1.306694838898106559e+00
7.788998855424162926e-01 5.458457399699463419e-01 3.169810940098053975e-01
7.417021353847277343e-01 1.942665441714199748e-01 1.244771170073951216e+00
7.285469690986431379e-01 1.897868732444079609e-01 1.206815560020792377e+00
7.440000942323660160e-01 1.942521119402429441e-01 1.234188382877000834e+00
7.326536603654958402e-01 1.913465639561117426e-01 1.245786765719119504e+00
7.565009464204663914e-01 1.951242050968347574e-01 1.264648263167924336e+00
7.444057296444958061e-01 1.981758443762177135e-01 1.272833350445567779e+00
7.481397859141782902e-01 1.944456913068699777e-01 1.236783828684634656e+00
7.375330470271420635e-01 1.956920104576783670e-01 1.281706133851467921e+00
7.257143504858434291e-01 1.905611021440881958e-01 1.135261474340828913e+00
7.376849747418975367e-01 1.952348021887669316e-01 1.210880684639806137e+00
7.480598033060644747e-01 1.982299113252650458e-01 1.269177798461969209e+00
7.352151990776131241e-01 1.937569952790137162e-01 1.223852790476061436e+00
7.498171274957012855e-01 1.953852199574907245e-01 1.248888179913606455e+00
7.606381040592342657e-01 2.020620448896535970e-01 1.317149348182900637e+00
7.343709054794980151e-01 1.902595633570366707e-01 1.244573846249617866e+00
7.336984992200387135e-01 1.942324066638070057e-01 1.198746307763670416e+00
7.307357646441989818e-01 1.868195645990043674e-01 1.239363898649503026e+00
7.323397788086132287e-01 1.898189182677834375e-01 1.192703519798509859e+00
7.407647922549610575e-01 1.931532218618847996e-01 1.250665279758204074e+00
7.420975507649402170e-01 1.920571164310242440e-01 1.257857648689815644e+00
7.507952464495295519e-01 1.953033317816375014e-01 1.291716507942868519e+00
7.297198117330028211e-01 1.945367148071855956e-01 1.206423863887196690e+00
7.391411656452249179e-01 1.954512800121009641e-01 1.220685045360583310e+00
7.329398361516130667e-01 1.906533937322854033e-01 1.198161805801680302e+00
7.323775900069450229e-01 1.955420311331630689e-01 1.212144142866540930e+00
7.404280229041018124e-01 1.939576104106779386e-01 1.270660258894584782e+00
7.427208789809882639e-01 1.934022542793376598e-01 1.258848154500209260e+00
7.439303675750216227e-01 1.921546939562343570e-01 1.286702885812459174e+00
7.425493354222785225e-01 1.932554056848847235e-01 1.246878897976110956e+00
7.347414702900357808e-01 1.932869378634185509e-01 1.233440047928646477e+00
7.463993842141490864e-01 1.980699488669059039e-01 1.276785753693799208e+00
7.613685012233976090e-01 2.065476005164058604e-01 1.286859487889684628e+00
7.392253911509797382e-01 1.948844235630327604e-01 1.288557497949191388e+00
7.380637928729610886e-01 1.921759226716843738e-01 1.270542419004936363e+00
7.343583773032765771e-01 1.923306055545283832e-01 1.241028205855840172e+00
7.597199411665842561e-01 2.037925860747338558e-01 1.248184267344234266e+00
7.371213041901686358e-01 1.956363994299278875e-01 1.254373899069122000e+00
7.513114317103634088e-01 2.003590829734138157e-01 1.269916698760567231e+00
7.463679867307186910e-01 1.896155252522011836e-01 1.221849693916534196e+00
7.251278855974316873e-01 1.897843432663131880e-01 1.203997397315348383e+00
7.424006398758983272e-01 1.960559268765250385e-01 1.232518000159782190e+00
7.392470476563998139e-01 1.923077292695147267e-01 1.262639631468460255e+00
7.316957625378580632e-01 1.952473444708013872e-01 1.210305457242648153e+00
7.367599628537859768e-01 1.953114744859808238e-01 1.211973186269011293e+00
7.543740841334177771e-01 1.962979999647347373e-01 1.265750082132969467e+00
7.417907564983723390e-01 1.943174406612090677e-01 1.258081558368356445e+00
7.421286457334184128e-01 1.929050159903554496e-01 1.245021257502559875e+00
7.491597302681997084e-01 1.987413076255546696e-01 1.267581107583697353e+00
7.366861949504603935e-01 1.984830584923371055e-01 1.258573507651680412e+00
7.390914604097107432e-01 1.940074196315249300e-01 1.218051810276675306e+00
7.352800098280414254e-01 1.910005649446505638e-01 1.228450797531972283e+00
7.508496405089483128e-01 1.936780299954221074e-01 1.283667825810692831e+00
7.424173158232595382e-01 1.908628230553120197e-01 1.313333741683885503e+00
7.347595146040871716e-01 1.973726633780491513e-01 1.287821084503890878e+00
7.476698486306657676e-01 1.959909719506706116e-01 1.259955428028962876e+00
7.401875912421931325e-01 1.942984864404162237e-01 1.211317384037658984e+00
7.538449919664189647e-01 1.955358101465257126e-01 1.294415582037057533e+00
7.402012088189353634e-01 1.933268295456526398e-01 1.269129440230370331e+00
7.406636055001607488e-01 1.930211572871541326e-01 1.237511887496653307e+00
7.252883372347619373e-01 1.894679296378111721e-01 1.213187683976744369e+00
7.369291285497332478e-01 1.897133831084585054e-01 1.221156924538885358e+00
7.495263500320507033e-01 1.990359702669018405e-01 1.236411864198294186e+00
7.265598241893295173e-01 1.874697708709578969e-01 1.203256172742318109e+00
7.389007132086169438e-01 1.971998419104998013e-01 1.277918266726582264e+00
7.579519135850227851e-01 1.961967006065702679e-01 1.315216159801009255e+00
7.479194453302556722e-01 1.959847560699129743e-01 1.241004850043778474e+00
7.393560510274732600e-01 1.970264993057169733e-01 1.235639947613742295e+00
7.330553100367394048e-01 2.002128055625769232e-01 1.262573100496829026e+00
7.348834107474182531e-01 1.922841783600248711e-01 1.264166533878047449e+00
7.417974465039249843e-01 1.964320949722788145e-01 1.249161440044977534e+00
7.465611808353304069e-01 2.004438802355706373e-01 1.249624207614844051e+00
7.433381883863997563e-01 1.951928182919299704e-01 1.275670076782334350e+00
7.336378957497421416e-01 1.896500728473181629e-01 1.232113079028320346e+00
7.500806055289042096e-01 1.970151722102639891e-01 1.303226038493980221e+00
7.405428046302241496e-01 1.937473117825013191e-01 1.240853653362676168e+00
7.413254658141872344e-01 1.908395995337352213e-01 1.206383858870604397e+00
7.442450415023115218e-01 1.907602962188649498e-01 1.246737056911524810e+00
7.314412946379693636e-01 1.968235465020608532e-01 1.213031524894946145e+00
7.357754129029734358e-01 1.953215842209301001e-01 1.188624725770494051e+00
7.445501596257739774e-01 1.965189533370682584e-01 1.320186101482818231e+00
7.477437355470736291e-01 1.966908718557848490e-01 1.262199780318943976e+00
7.330295051735882250e-01 1.939751376987173814e-01 1.232014713299426800e+00
7.320704064305765257e-01 1.902704377682762349e-01 1.228009954939542236e+00
7.673278458391666890e-01 1.980473957794496864e-01 1.330692543476243328e+00
7.323306363854155121e-01 1.912581821090685308e-01 1.205681636826849701e+00
7.395277013646295305e-01 1.925792045752003079e-01 1.253190083401708010e+00
7.307577613886148127e-01 1.890919823985771631e-01 1.224942711440316190e+00
7.337513156243055112e-01 1.949689074112825327e-01 1.165374213913750401e+00
7.430394514473380729e-01 1.993949884556875662e-01 1.240720007779624989e+00
7.198675155494973499e-01 1.911946064084571184e-01 1.214295739347801550e+00
7.409370561656423160e-01 1.976027084880351004e-01 1.228965926975695844e+00
7.372280614707260593e-01 1.980280937707572797e-01 1.201111853816926756e+00
7.208980200687661322e-01 1.909944140294166370e-01 1.189500486657538048e+00
7.352458795048345541e-01 1.912473026769471174e-01 1.214130520996152152e+00
7.393376593625591298e-01 1.951830096684971927e-01 1.297528039600980954e+00
7.436923898023088952e-01 1.970648850791313078e-01 1.279397721604913940e+00
7.488733752256871989e-01 1.998312713769639926e-01 1.282959495704298458e+00
7.405523881987229329e-01 1.948592610868008224e-01 1.231857834809017449e+00
7.487090579715744987e-01 1.959712560921627600e-01 1.249446892058514447e+00
7.463926216123776269e-01 1.944540542785281323e-01 1.238166770507462378e+00
7.350945370006459756e-01 1.943193449584635912e-01 1.244667279832486262e+00
7.492786486898108667e-01 2.014245176915702151e-01 1.184809969508803906e+00
7.544111041917296312e-01 2.006419690720998572e-01 1.283942873576844113e+00
7.343251909689599843e-01 1.894005820178807364e-01 1.209496966798699225e+00
7.410157355606860063e-01 1.992718682210896375e-01 1.220115508427414674e+00
7.326992919469494936e-01 1.930202406003289350e-01 1.213926530461058473e+00
7.243106319368926016e-01 1.936496689744901245e-01 1.262449643930956933e+00
7.473657198378025335e-01 2.000920787734345174e-01 1.275274991647012524e+00
7.298026673601712977e-01 1.899625304688583871e-01 1.227042698890728145e+00
7.431351974645625802e-01 1.993847801093062977e-01 1.241335969523155836e+00
7.376498377237994397e-01 1.918203633013161047e-01 1.245220984145671839e+00
7.538044111597590469e-01 1.967846453475480539e-01 1.267533614636104700e+00
7.386404263807050397e-01 1.981832991355161888e-01 1.238531613093640127e+00
7.494726238420875708e-01 1.936786569651452738e-01 1.219100958834376414e+00
7.260469551176216285e-01 1.884816674057023522e-01 1.192632533778830162e+00
7.462415448011551211e-01 1.988442561418935495e-01 1.292421949284301874e+00
7.536406715978889448e-01 1.975119419317425129e-01 1.313813097216190551e+00
7.582754186080812309e-01 1.970325519949658322e-01 1.258948929361103808e+00
7.412462657290054269e-01 1.887530954529825777e-01 1.240187515274384422e+00
7.501420990521683319e-01 1.998303576417736482e-01 1.271455076516585070e+00
7.355691857917403542e-01 1.929364309104323050e-01 1.230139955874647306e+00
7.373669603989360111e-01 1.919923254689541725e-01 1.234310895867550606e+00
7.419211833262839839e-01 1.977956005324118804e-01 1.252892669999567277e+00
7.291097015833978290e-01 1.922379150683395932e-01 1.221033482257309233e+00
7.376515905943867857e-01 1.977454628194291186e-01 1.265890915057284127e+00
7.454972506658500420e-01 1.976308737833321894e-01 1.208737914898697197e+00
7.374216399765036734e-01 1.896673304673753835e-01 1.188033225616068167e+00
7.389100767918186374e-01 1.936015048477931488e-01 1.250036057974179826e+00
7.395654190246552240e-01 1.963303354025082159e-01 1.258313619474270562e+00
7.320086998021230196e-01 1.974196986533594544e-01 1.231980234573410327e+00
7.321641831450540483e-01 1.921174130901379951e-01 1.192623962826777184e+00
7.266947224836250996e-01 1.881311104625297270e-01 1.209211325277531834e+00
7.395195830777568924e-01 1.949296415868453924e-01 1.256527767032796117e+00
7.335751076735000931e-01 1.943748520365673194e-01 1.201652035584540812e+00
7.328981479889027373e-01 1.964013860224309849e-01 1.249937425006889535e+00
7.377113556419518936e-01 1.952849271255129304e-01 1.237248834986374169e+00
7.387567294607777502e-01 1.917929000621318436e-01 1.178061408847344449e+00
7.202743680345237154e-01 1.941906140619798216e-01 1.211118571027514301e+00
7.342797903239879354e-01 2.015144249513107777e-01 1.251537067692452876e+00
7.492134809111419269e-01 2.026480759183251767e-01 1.266217757505484265e+00
7.504242844529495082e-01 1.995371215748943106e-01 1.265401783088637711e+00
7.467234779279743329e-01 1.976800438225570777e-01 1.208084431006636095e+00
7.310652472456364848e-01 1.909074635047070811e-01 1.218362533397907788e+00
7.440271371177410442e-01 1.983926340923243548e-01 1.290694415845584864e+00
7.430278831948908813e-01 1.894953841253636806e-01 1.236238898007393283e+00
7.434967166999582044e-01 1.978746639209818803e-01 1.241583727654310465e+00
7.519287506881305871e-01 1.995747711715780415e-01 1.285709965539901134e+00
7.353183702529531018e-01 1.932846007477442563e-01 1.247880925224747140e+00
7.267302621567049981e-01 1.929513123449468903e-01 1.197817888702390476e+00
7.411745313282573910e-01 1.968470901147862384e-01 1.248883195140678248e+00
7.509731118956557427e-01 1.978809491888399164e-01 1.264752065787058566e+00
7.415912606102638138e-01 1.989983644929265716e-01 1.250206398646162897e+00
7.251750659926124998e-01 1.877574806342067748e-01 1.204643579297058453e+00
7.416951786032038862e-01 1.930224828400982084e-01 1.255714080909780872e+00
7.444052843453136115e-01 1.932201173799007465e-01 1.240891854439828856e+00
7.406026220289464446e-01 2.000994635897624385e-01 1.245448098242375901e+00
7.525824790455810653e-01 1.949462706486392860e-01 1.294422240668526625e+00
7.423523061218766372e-01 1.941119655533151689e-01 1.199423792842395864e+00
7.405194029243545861e-01 1.932492525362792535e-01 1.205102791923083894e+00
7.407678685028813437e-01 1.913567063224038411e-01 1.192871182711787936e+00
7.399507271790729535e-01 1.972746341495676681e-01 1.277392415780072898e+00
7.348726717117400886e-01 1.921405772247163912e-01 1.246445434681796582e+00
7.407920114377264387e-01 2.005184081311479904e-01 1.262388393521488572e+00
7.422247411265193717e-01 1.946367928680056425e-01 1.288472360354943280e+00
7.429301414734399422e-01 1.968055157044985015e-01 1.285811942637153482e+00
7.434365125724571310e-01 1.901522844883683505e-01 1.223862635487148243e+00
7.341633954710368171e-01 1.977776064459943473e-01 1.187821404469041164e+00
7.255576707041364592e-01 1.859407808916167248e-01 1.154010750203281255e+00
7.390250733377573544e-01 1.917539748986443471e-01 1.236757870605169618e+00
7.536079732359547423e-01 1.993028285088788154e-01 1.291879162267785430e+00
7.237713381260060252e-01 1.882293441962760439e-01 1.218121551499684152e+00
7.390427722951797840e-01 1.932914577420680735e-01 1.224213608369692619e+00
7.459530318878295763e-01 1.960615858510721121e-01 1.283128189718905077e+00
7.254801402895367790e-01 1.855410825469148428e-01 1.187518817973580054e+00
7.562697235918632854e-01 2.009793652299354805e-01 1.264169400665382748e+00
7.430081768205848425e-01 2.012341947143809207e-01 1.291698424263310052e+00
7.501959201303541880e-01 1.988844938689165454e-01 1.262888163756475057e+00
7.443970224371656563e-01 1.990648450626900101e-01 1.272976976995148002e+00
7.422641936867125922e-01 1.976466173569836060e-01 1.245509849638000599e+00
7.356230371306478055e-01 1.961416568792334614e-01 1.243782953013926385e+00
7.311802113484627830e-01 1.965374672024685354e-01 1.251655107907371889e+00
7.370638295925403538e-01 2.004764958753959547e-01 1.243361972986791297e+00
7.522277326793117558e-01 1.984542149670357469e-01 1.260389816784658334e+00
7.424301857924612280e-01 1.968889376346771580e-01 1.279150222822539762e+00
7.480101039187827539e-01 2.002996902644171018e-01 1.249720114078650024e+00
7.437402651570637069e-01 1.934918562601991299e-01 1.268165751801175078e+00
7.338566155326655682e-01 1.899752254885745117e-01 1.211449575357823827e+00
7.233432220880663399e-01 1.944006661661712709e-01 1.192677469740684559e+00
7.398973093039981075e-01 1.926042364361507664e-01 1.225384899377287340e+00
7.328329664439490188e-01 1.952982896193816986e-01 1.228648643893814452e+00
7.466737296485203013e-01 1.995822122428370371e-01 1.240509666695383650e+00
7.387072145030156856e-01 1.967046325111583005e-01 1.244658993819367288e+00
7.526003528017827238e-01 1.975563723951895001e-01 1.239162525624300626e+00
7.424666045937479142e-01 1.928127927744505143e-01 1.232040950206430674e+00
7.460195035236194538e-01 2.012186931612530427e-01 1.252932960454639533e+00
7.311121023354010262e-01 1.929754542317382027e-01 1.229347065205772305e+00
7.555896899807115208e-01 1.985224845300394836e-01 1.238201848194335764e+00
7.404673574660149971e-01 1.939569239665424327e-01 1.213544416355610389e+00
7.606958262236922508e-01 1.998836867235867509e-01 1.277091808881366974e+00
7.439586480265674151e-01 1.960133294849354946e-01 1.198132787225119511e+00
7.308405704197612485e-01 1.921665456816933903e-01 1.216771782606104191e+00
7.309001831609712729e-01 1.962222239788410372e-01 1.184104115095421905e+00
7.492393582441393418e-01 1.985389597427697217e-01 1.268855323153757153e+00
7.338947148863053105e-01 1.996140109478143354e-01 1.244773643338058955e+00
7.301450597021167388e-01 1.932909236901970695e-01 1.248763881041684343e+00
7.434556312975393322e-01 1.938262355273120963e-01 1.269556693302564376e+00
7.397488800328552161e-01 1.949499797309828253e-01 1.242602286522226596e+00
7.299527651876382972e-01 1.909611522709239173e-01 1.229543535011591526e+00
7.491957835344732475e-01 1.983730129271394083e-01 1.325758813176817652e+00
7.540661769050039931e-01 1.943717873991916145e-01 1.298877570354933120e+00
7.431212616146175565e-01 1.985806326049762427e-01 1.249250756089419934e+00
7.452120036225685640e-01 1.978036885068851503e-01 1.236175893146073124e+00
7.233688997070544247e-01 1.857725044547235416e-01 1.190348529551243262e+00
7.342677861450137566e-01 1.898558596288663636e-01 1.204192595122561826e+00
7.433113591422627620e-01 1.986170878190285927e-01 1.289760874983257644e+00
7.318383295864127058e-01 1.944911181380089560e-01 1.235518979373700699e+00
7.261877972752015520e-01 1.945255318136849820e-01 1.204627211952569610e+00
7.497534942330507102e-01 1.971515264488310770e-01 1.337989218307779060e+00
7.482265370193351695e-01 1.964047795410579222e-01 1.263308299245027966e+00
7.378269996666060315e-01 1.955517574406030468e-01 1.303080851478786828e+00
7.316169496474355105e-01 1.972385422384580200e-01 1.245895870727266486e+00
7.364447706632120116e-01 1.931854698799729819e-01 1.223709091086021994e+00
7.498449444173646006e-01 1.916650902515063815e-01 1.267885695708215854e+00
7.220009542651213419e-01 1.857641242630285738e-01 1.188343997839856891e+00
7.340054578013016640e-01 1.898029247886550697e-01 1.252985715291941471e+00
7.458975373478774484e-01 1.988934966006072613e-01 1.242482209180416852e+00
7.418070522811750500e-01 1.922067482282906470e-01 1.235193151515935783e+00
7.355188078703897014e-01 1.929267679279640102e-01 1.226198371929457576e+00
7.370295420919886764e-01 1.963482118792048703e-01 1.208263479963778364e+00
7.385428590623196454e-01 1.975605253865445610e-01 1.242793396141639750e+00
7.264948485907259945e-01 1.987596671727738240e-01 1.214854811983434368e+00
7.381237095996080466e-01 1.943499566126755118e-01 1.225269635910552823e+00
7.347048764234730411e-01 1.940647822204270845e-01 1.174041379043474276e+00
7.622469637969783163e-01 2.063072779718397309e-01 1.315827663249646617e+00
7.390329217115912952e-01 1.960371253126047819e-01 1.271591045276912579e+00
7.324847634025197785e-01 1.909965481350783811e-01 1.208112005074640782e+00
7.384398273319616735e-01 1.894721170096604068e-01 1.224906415389266368e+00
7.327580545475531615e-01 1.868270567197618248e-01 1.197352863087194352e+00
7.399933830520916134e-01 1.879865196647991787e-01 1.281492630150175671e+00
7.393427096666737031e-01 1.958143743461449038e-01 1.227901594951231967e+00
7.480233157356203089e-01 1.975003456497534116e-01 1.274436501587113746e+00
7.469656354421089217e-01 1.976831018088930358e-01 1.264290567514113173e+00
7.434059499528820059e-01 1.977949331807627720e-01 1.260606028224019459e+00
7.459846492030017817e-01 1.951267517776863469e-01 1.224438036208129299e+00
7.432593064187600351e-01 1.966125863426625431e-01 1.239018628142696254e+00
7.451164002331470693e-01 1.970584662142418342e-01 1.242014927879468322e+00
7.495636466981139279e-01 1.920210076810114908e-01 1.258291747560887019e+00
7.378677502704715785e-01 1.915306649928376070e-01 1.233480231333426991e+00
7.608744460475329596e-01 1.944791090227212527e-01 1.252145129582092897e+00
7.345676788110158117e-01 1.960085472899282810e-01 1.241573621776371761e+00
7.283736496552413175e-01 1.883591907600539739e-01 1.198113868209110811e+00
7.391804304224643962e-01 1.986349243666891140e-01 1.268534329599670274e+00
7.253183324889918016e-01 1.908926945815530019e-01 1.208011138311449351e+00
7.268841739865707918e-01 1.916655458365431608e-01 1.290835996809505115e+00
7.418431608908103714e-01 1.948924850998260128e-01 1.258833705098926004e+00
7.356156589563143111e-01 1.956756319785462606e-01 1.271726836271293015e+00
7.385567203645739820e-01 1.921932750326618700e-01 1.222619107488279289e+00
7.313422764059156478e-01 1.879368137975162556e-01 1.254920420823155247e+00
7.161926243544909365e-01 1.919194038233685284e-01 1.143292315597890907e+00
7.204574080872394592e-01 1.965135341066338859e-01 1.208599428725877001e+00
7.372669589355297370e-01 1.937042082875768401e-01 1.253462521700691390e+00
7.437176664670267501e-01 1.973458083553696341e-01 1.286446173722657793e+00
7.407090905819956328e-01 1.945849353497985101e-01 1.237792931814950981e+00
7.531033775507222083e-01 1.997439386325595423e-01 1.261070732605261480e+00
7.350658612445057916e-01 1.972482951518334526e-01 1.198164001661356171e+00
7.418542074850175139e-01 1.927936367656113981e-01 1.222012523926057082e+00
7.313247286280317727e-01 1.918097330460174499e-01 1.212147675698151073e+00
7.264070251261931510e-01 1.931949927248605703e-01 1.210433799743466432e+00
7.374241046436800229e-01 1.951872630420259658e-01 1.171801411208439836e+00
7.363202903214626227e-01 1.903357767283233304e-01 1.204960199767793005e+00
7.307140373043716775e-01 1.934666277128006817e-01 1.240412503298142344e+00
7.469556683064653146e-01 1.921432686073437923e-01 1.205561444111516112e+00
7.292690650125422946e-01 1.948349545285872064e-01 1.193120604490001124e+00
7.360600401627510614e-01 1.928383838399709560e-01 1.226009490360017828e+00
7.342470872883407607e-01 1.948026351920045529e-01 1.221111317863399437e+00
7.518407265137305728e-01 1.976742467409980386e-01 1.213086376608460970e+00
7.616567034149429594e-01 2.040111793792767081e-01 1.312543698708351414e+00
7.454202898606638872e-01 1.962181341671413448e-01 1.240249655534354289e+00
7.409197196318758616e-01 1.942658218621346466e-01 1.277487822901048009e+00
7.494892540311357543e-01 1.996667978017160894e-01 1.290371686365854975e+00
7.201710746476568392e-01 1.986681042419338739e-01 1.166498993405909124e+00
7.546995197221505469e-01 2.007323075685945590e-01 1.308284363401139627e+00
7.553147757333256163e-01 1.998250761957801602e-01 1.264197607969986148e+00
7.349247792924671341e-01 1.939489678042446708e-01 1.226040082363913264e+00
7.474738029794577576e-01 1.976083021631714898e-01 1.219470183708016187e+00
7.401138711455862440e-01 2.004116871340541339e-01 1.212098081266032468e+00
7.456526393772839878e-01 1.968651258817198380e-01 1.248385724782729467e+00
7.319077725067834050e-01 1.833234506841739386e-01 1.112822674413886492e+00
7.480611240159565911e-01 1.992167520352345067e-01 1.286081951278718494e+00
7.388956695919502993e-01 1.864323215460828020e-01 1.239964507270699956e+00
7.500712089189520704e-01 1.913284821008544301e-01 1.263218221573133349e+00
7.421781621857826972e-01 1.971716033104740917e-01 1.253618339175781804e+00
7.378007210513755076e-01 1.920025456913121709e-01 1.219366087991225811e+00
7.488030443368222100e-01 1.963812650871179788e-01 1.274346122286617033e+00
7.331189130377503416e-01 1.933142713643830890e-01 1.250993497140508559e+00
7.452524900307357925e-01 1.935594284887917904e-01 1.250163273177036460e+00
7.388858786930667666e-01 1.947077194486789564e-01 1.275299625189727060e+00
7.413760251161612969e-01 2.016630156451346967e-01 1.227792986768185823e+00
7.497362679817883846e-01 1.989972215064607919e-01 1.206261627519553903e+00
7.345295992098789251e-01 1.902260633670043166e-01 1.231574356418203342e+00
7.464069867032603334e-01 1.966028925832904173e-01 1.247484035944049108e+00
7.481909898407816950e-01 1.970724208621953133e-01 1.268892155721242920e+00
7.369302579848745482e-01 1.970022585861197495e-01 1.248498590009555542e+00
7.291406888658736873e-01 1.936228851658233774e-01 1.204070346727670993e+00
7.375563247047152160e-01 1.945811325459260444e-01 1.230980724434036722e+00
7.251165823792401488e-01 1.889033903660757019e-01 1.211501178082776908e+00
7.392050180685540983e-01 1.961451740427686552e-01 1.222058662050776956e+00
7.471184518316255074e-01 1.961892703292248685e-01 1.280592876147581771e+00
7.270541444109487328e-01 1.879520181474776952e-01 1.166448216921675884e+00
7.406380983984215405e-01 1.950318617923332831e-01 1.236812852894358938e+00
7.378867132314352872e-01 1.956927669172928985e-01 1.213711060672029829e+00
7.222467634358200606e-01 1.875282667906622014e-01 1.159913355928364975e+00
7.416964494760261983e-01 1.975827566880400676e-01 1.253033230998129577e+00
7.397444797184622445e-01 1.962212508279456424e-01 1.256984323510756285e+00
7.493995982168041303e-01 1.953275371360034540e-01 1.242293666454877599e+00
7.362893204431416594e-01 1.898328875919823300e-01 1.213310839685997067e+00
7.387486687318545187e-01 1.980295261059193124e-01 1.222330434031014601e+00
7.379459711848809222e-01 1.920758893875230133e-01 1.244730718581389617e+00
7.459026844277069079e-01 1.962203392017037584e-01 1.267513568988213768e+00
7.376037063632456814e-01 1.930248480275983392e-01 1.239264412552165684e+00
7.358227980301753623e-01 1.891996877919864262e-01 1.234731781639261339e+00
7.313714733414314884e-01 1.980136779814351267e-01 1.231020130534776547e+00
6.436068900070727183e-01 4.053044938793227137e-01 1.059419693740192736e+00
7.260763406763259820e-01 1.899683510913542372e-01 1.229558638716777397e+00
7.418645677049857667e-01 1.918706964015780003e-01 1.252039229318611335e+00
7.372559688639263031e-01 1.916172133424003665e-01 1.235043962925202798e+00
7.423994612308004726e-01 1.959015757138840852e-01 1.227370716748602986e+00
7.235015198145773319e-01 1.954884197267399426e-01 1.213643251636631337e+00
7.622041743215565157e-01 2.023987131706232734e-01 1.327950090743743594e+00
7.517966819528053568e-01 1.904195974369271849e-01 1.283577598070227088e+00
7.394003412950279630e-01 1.921247958342938988e-01 1.265134752107497373e+00
7.534389949940357711e-01 1.962248306480910420e-01 1.274625226243203180e+00
7.401830298541567377e-01 1.974379386077787513e-01 1.269143916582096576e+00
7.346294274612119590e-01 1.922089746850173253e-01 1.202404206528988384e+00
7.374184456167495183e-01 1.960935049434974486e-01 1.211887871699480312e+00
7.503628829737059025e-01 1.936733471920921157e-01 1.265835210523470256e+00
7.407624075125067709e-01 1.914050817956610973e-01 1.228603003479666889e+00
7.545528989974058520e-01 2.012613925412300164e-01 1.272467522918276250e+00
7.449891520133979927e-01 1.896848410840516752e-01 1.227413166794265598e+00
7.269908591785548824e-01 1.933134215055706817e-01 1.193954749058163678e+00
7.188041489079571855e-01 1.870320399847774928e-01 1.179232399282512223e+00
7.411651747568084314e-01 1.953576555759703737e-01 1.268294028735887480e+00
7.168489657068645160e-01 1.905726759932103442e-01 1.220671866503318048e+00
7.411216291527708000e-01 1.967233402420849875e-01 1.269940548827155125e+00
7.461946181131066114e-01 1.977932552065782279e-01 1.283973082169823865e+00
7.621399054377530069e-01 2.031381246732455736e-01 1.273038371879356978e+00
7.433246156520660897e-01 2.020098974607293929e-01 1.246353949978656450e+00
7.408744324499502154e-01 1.949492035638522858e-01 1.272159183183964259e+00
7.520337983770432055e-01 1.961992919194095186e-01 1.322608957686799203e+00
7.538772676985938670e-01 2.037316306896210516e-01 1.237390452636274008e+00
7.367860577403854139e-01 1.901165180316790326e-01 1.224805900547302651e+00
7.461008276450509236e-01 1.969648418969117687e-01 1.286484077043341667e+00
7.338437828012815967e-01 1.891942488462795835e-01 1.226804751063761190e+00
7.502237773192977910e-01 1.930720035669422352e-01 1.293107010151315128e+00
7.424748446815699898e-01 2.007336714337253636e-01 1.233227118578767767e+00
7.361495638792364682e-01 1.960459516459070461e-01 1.255815487741517300e+00
7.393785083327855112e-01 1.916997999806406283e-01 1.237191249433863938e+00
7.402346767588557919e-01 1.937730541263606165e-01 1.248948915625569756e+00
7.375652065926081580e-01 1.929853494518945223e-01 1.236922108461681491e+00
7.335313939798346894e-01 1.907653120599163699e-01 1.240433424596675049e+00
7.338891204894296694e-01 1.968212323698030342e-01 1.229277492130901317e+00
7.397218498182168700e-01 1.916987363149144918e-01 1.256132401727837911e+00
7.351760441071326646e-01 1.941780958693127279e-01 1.241918459927415341e+00
7.311189273955978063e-01 1.973155682190187443e-01 1.233744114203491504e+00
7.331319655593759865e-01 1.935538604535202711e-01 1.203867359986468877e+00
7.404895619642275495e-01 1.985860303829433127e-01 1.203977307945505171e+00
7.410399610900422207e-01 1.959400222341921571e-01 1.253372281282398415e+00
7.464276067171278228e-01 1.970672589918952833e-01 1.265859455571573200e+00
7.236641481720689217e-01 1.932421800947989321e-01 1.249867281991450474e+00
7.462224780808481839e-01 1.978242100679931947e-01 1.228560541846394960e+00
7.353370408982570217e-01 1.897625604622164286e-01 1.270931785759238153e+00
7.358454037094630529e-01 1.991154548521669176e-01 1.234610435080068402e+00
7.517035273406262874e-01 1.979978787262488826e-01 1.266801116661412374e+00
7.432980061012814943e-01 1.931347708845481126e-01 1.202051646295321463e+00
7.287296871350041894e-01 1.958717365203671013e-01 1.192484010353919821e+00
7.424854906058068194e-01 1.969176753011821490e-01 1.273747473369268191e+00
7.320335111969219488e-01 1.925794485677151391e-01 1.200264731024351050e+00
7.374348037289840674e-01 2.014700988665384940e-01 1.259099788860024827e+00
7.292700333929016399e-01 1.942510230890258649e-01 1.222576178991641616e+00
7.392203482565314898e-01 1.929651140901113837e-01 1.280077575864829509e+00
7.422102793064080384e-01 1.958187746531340478e-01 1.221673146795285714e+00
7.422071542815114054e-01 1.942947825711004439e-01 1.254072398201561800e+00
7.208040863872297033e-01 1.904827660272346568e-01 1.187775784412941071e+00
7.430812672531009744e-01 2.052338816845805658e-01 1.261687980133268550e+00
7.403983385006828177e-01 1.956989570027988790e-01 1.247664076694547930e+00
7.421698071500811844e-01 1.920593032439726622e-01 1.250390814060939437e+00
7.414348225590170482e-01 1.942301084887494145e-01 1.267888557236945601e+00
7.370478958205620712e-01 1.961580599089079724e-01 1.239120809445119153e+00
7.505471861297217107e-01 2.003369947291449016e-01 1.239657651408543781e+00
7.504880396122486363e-01 2.051764628110900324e-01 1.223499072876776284e+00
7.361631709722038508e-01 1.933671015468800547e-01 1.228047207509862959e+00
7.446234700125440309e-01 1.943608754215536139e-01 1.257370732051823037e+00
7.340352100327686147e-01 1.912984024652027160e-01 1.194136348602913955e+00
7.506480505502985956e-01 1.996463423434585438e-01 1.288382358231377145e+00
7.628217392781231343e-01 1.995561502203223592e-01 1.241259335720269918e+00
7.374569526164739264e-01 1.934851032002426197e-01 1.248731928305315542e+00
7.411096854316691074e-01 1.989521437492389744e-01 1.252764237657032043e+00
7.481142037061133676e-01 2.035621191432861188e-01 1.251135438508772735e+00
7.463919258122797551e-01 1.913738923376747114e-01 1.252622532062073635e+00
7.398286887321303684e-01 1.939932696923504785e-01 1.238924495432265571e+00
7.580475234172345811e-01 1.952808624504354662e-01 1.289264981480945815e+00
7.360958690279058025e-01 1.949177685274339211e-01 1.236859067166669268e+00
7.464865064951100582e-01 1.984180160193368680e-01 1.239261640628260164e+00
7.279214414570560621e-01 1.935537710371308673e-01 1.184776056477249595e+00
7.335716640492969676e-01 1.859507202193079745e-01 1.228948233518122102e+00
7.520794852899909122e-01 1.994130113775483548e-01 1.285264684496327803e+00
7.372328616209770091e-01 1.957113629153439394e-01 1.246974314617003143e+00
7.402112717544168108e-01 1.964379440947265909e-01 1.248431637045225084e+00
7.450508839900302771e-01 1.978806520161395799e-01 1.233673757653694691e+00
7.357563962466755481e-01 1.979804480154887247e-01 1.258535865876911020e+00
7.428842751385478227e-01 1.953507925231245390e-01 1.225043232564109408e+00
