1.272689156094400031e+00
1.195158820667778787e+00
1.258236158906253843e+00
1.274258499672384470e+00
1.260441033887933271e+00
1.223808059306633611e+00
1.223684937774540904e+00
1.217207085467891137e+00
1.230014814304518866e+00
1.218262516537544693e+00
1.288054142022457604e+00
1.256956817765709111e+00
1.240823024083863801e+00
1.269358178271501547e+00
1.237308773897339176e+00
1.229825921777470965e+00
1.292541221325250733e+00
1.250562391157192588e+00
1.269940606170225861e+00
1.244408000379476187e+00
1.233021724842260580e+00
1.259157361189846114e+00
1.174945223376179460e+00
1.234500206989141535e+00
1.269234008593446372e+00
1.186690989916385108e+00
1.190256531018746067e+00
1.240439806289476365e+00
1.216462210846672276e+00
1.226370742801031311e+00
1.230785881397295833e+00
1.176813835353443194e+00
1.232860975670071024e+00
1.192751096169799796e+00
1.219901063924605733e+00
1.263275691158931791e+00
1.247631879398156896e+00
1.250305256816844235e+00
1.233313008277064249e+00
1.301033593927624965e+00
1.206441731711501042e+00
1.287014330461118572e+00
1.259083707450543654e+00
1.220888214975641040e+00
1.242929986499755834e+00
1.202756382406305669e+00
1.255715120742267876e+00
1.263673405082224033e+00
1.191011395758181601e+00
1.194233862263199830e+00
1.232761131085305273e+00
1.331341842098886730e+00
1.186590634270872746e+00
1.206123732600870024e+00
1.253734724133724221e+00
1.232377332659858160e+00
1.174224417900186168e+00
1.262021240125891453e+00
1.252136515069674161e+00
1.236905245792020436e+00
1.277428928135984743e+00
1.205507486725476030e+00
1.237082856299821954e+00
1.189834908445404960e+00
1.270371908546282347e+00
1.252373997411976081e+00
1.280281847059031808e+00
1.166992371948511353e+00
1.220306582791542027e+00
1.245871627179991226e+00
1.243809737644301139e+00
1.254550724443915799e+00
1.306694838898106559e+00
3.169810940098053975e-01
1.244771170073951216e+00
1.206815560020792377e+00
1.234188382877000834e+00
1.245786765719119504e+00
1.264648263167924336e+00
1.272833350445567779e+00
1.236783828684634656e+00
1.281706133851467921e+00
1.135261474340828913e+00
1.210880684639806137e+00
1.269177798461969209e+00
1.223852790476061436e+00
1.248888179913606455e+00
1.317149348182900637e+00
1.244573846249617866e+00
1.198746307763670416e+00
1.239363898649503026e+00
1.192703519798509859e+00
1.250665279758204074e+00
1.257857648689815644e+00
1.291716507942868519e+00
1.206423863887196690e+00
1.220685045360583310e+00
1.198161805801680302e+00
1.212144142866540930e+00
1.270660258894584782e+00
1.258848154500209260e+00
1.286702885812459174e+00
1.246878897976110956e+00
1.233440047928646477e+00
1.276785753693799208e+00
1.286859487889684628e+00
1.288557497949191388e+00
1.270542419004936363e+00
1.241028205855840172e+00
1.248184267344234266e+00
1.254373899069122000e+00
1.269916698760567231e+00
1.221849693916534196e+00
1.203997397315348383e+00
1.232518000159782190e+00
1.262639631468460255e+00
1.210305457242648153e+00
1.211973186269011293e+00
1.265750082132969467e+00
1.258081558368356445e+00
1.245021257502559875e+00
1.267581107583697353e+00
1.258573507651680412e+00
1.218051810276675306e+00
1.228450797531972283e+00
1.283667825810692831e+00
1.313333741683885503e+00
1.287821084503890878e+00
1.259955428028962876e+00
1.211317384037658984e+00
1.294415582037057533e+00
1.269129440230370331e+00
1.237511887496653307e+00
1.213187683976744369e+00
1.221156924538885358e+00
1.236411864198294186e+00
1.203256172742318109e+00
1.277918266726582264e+00
1.315216159801009255e+00
1.241004850043778474e+00
1.235639947613742295e+00
1.262573100496829026e+00
1.264166533878047449e+00
1.249161440044977534e+00
1.249624207614844051e+00
1.275670076782334350e+00
1.232113079028320346e+00
1.303226038493980221e+00
1.240853653362676168e+00
1.206383858870604397e+00
1.246737056911524810e+00
1.213031524894946145e+00
1.188624725770494051e+00
1.320186101482818231e+00
1.262199780318943976e+00
1.232014713299426800e+00
1.228009954939542236e+00
1.330692543476243328e+00
1.205681636826849701e+00
1.253190083401708010e+00
1.224942711440316190e+00
1.165374213913750401e+00
1.240720007779624989e+00
1.214295739347801550e+00
1.228965926975695844e+00
1.201111853816926756e+00
1.189500486657538048e+00
1.214130520996152152e+00
1.297528039600980954e+00
1.279397721604913940e+00
1.282959495704298458e+00
1.231857834809017449e+00
1.249446892058514447e+00
1.238166770507462378e+00
1.244667279832486262e+00
1.184809969508803906e+00
1.283942873576844113e+00
1.209496966798699225e+00
1.220115508427414674e+00
1.213926530461058473e+00
1.262449643930956933e+00
1.275274991647012524e+00
1.227042698890728145e+00
1.241335969523155836e+00
1.245220984145671839e+00
1.267533614636104700e+00
1.238531613093640127e+00
1.219100958834376414e+00
1.192632533778830162e+00
1.292421949284301874e+00
1.313813097216190551e+00
1.258948929361103808e+00
1.240187515274384422e+00
1.271455076516585070e+00
1.230139955874647306e+00
1.234310895867550606e+00
1.252892669999567277e+00
1.221033482257309233e+00
1.265890915057284127e+00
1.208737914898697197e+00
1.188033225616068167e+00
1.250036057974179826e+00
1.258313619474270562e+00
1.231980234573410327e+00
1.192623962826777184e+00
1.209211325277531834e+00
1.256527767032796117e+00
1.201652035584540812e+00
1.249937425006889535e+00
1.237248834986374169e+00
1.178061408847344449e+00
1.211118571027514301e+00
1.251537067692452876e+00
1.266217757505484265e+00
1.265401783088637711e+00
1.208084431006636095e+00
1.218362533397907788e+00
1.290694415845584864e+00
1.236238898007393283e+00
1.241583727654310465e+00
1.285709965539901134e+00
1.247880925224747140e+00
1.197817888702390476e+00
1.248883195140678248e+00
1.264752065787058566e+00
1.250206398646162897e+00
1.204643579297058453e+00
1.255714080909780872e+00
1.240891854439828856e+00
1.245448098242375901e+00
1.294422240668526625e+00
1.199423792842395864e+00
1.205102791923083894e+00
1.192871182711787936e+00
1.277392415780072898e+00
1.246445434681796582e+00
1.262388393521488572e+00
1.288472360354943280e+00
1.285811942637153482e+00
1.223862635487148243e+00
1.187821404469041164e+00
1.154010750203281255e+00
1.236757870605169618e+00
1.291879162267785430e+00
1.218121551499684152e+00
1.224213608369692619e+00
1.283128189718905077e+00
1.187518817973580054e+00
1.264169400665382748e+00
1.291698424263310052e+00
1.262888163756475057e+00
1.272976976995148002e+00
1.245509849638000599e+00
1.243782953013926385e+00
1.251655107907371889e+00
1.243361972986791297e+00
1.260389816784658334e+00
1.279150222822539762e+00
1.249720114078650024e+00
1.268165751801175078e+00
1.211449575357823827e+00
1.192677469740684559e+00
1.225384899377287340e+00
1.228648643893814452e+00
1.240509666695383650e+00
1.244658993819367288e+00
1.239162525624300626e+00
1.232040950206430674e+00
1.252932960454639533e+00
1.229347065205772305e+00
1.238201848194335764e+00
1.213544416355610389e+00
1.277091808881366974e+00
1.198132787225119511e+00
1.216771782606104191e+00
1.184104115095421905e+00
1.268855323153757153e+00
1.244773643338058955e+00
1.248763881041684343e+00
1.269556693302564376e+00
1.242602286522226596e+00
1.229543535011591526e+00
1.325758813176817652e+00
1.298877570354933120e+00
1.249250756089419934e+00
1.236175893146073124e+00
1.190348529551243262e+00
1.204192595122561826e+00
1.289760874983257644e+00
1.235518979373700699e+00
1.204627211952569610e+00
1.337989218307779060e+00
1.263308299245027966e+00
1.303080851478786828e+00
1.245895870727266486e+00
1.223709091086021994e+00
1.267885695708215854e+00
1.188343997839856891e+00
1.252985715291941471e+00
1.242482209180416852e+00
1.235193151515935783e+00
1.226198371929457576e+00
1.208263479963778364e+00
1.242793396141639750e+00
1.214854811983434368e+00
1.225269635910552823e+00
1.174041379043474276e+00
1.315827663249646617e+00
1.271591045276912579e+00
1.208112005074640782e+00
1.224906415389266368e+00
1.197352863087194352e+00
1.281492630150175671e+00
1.227901594951231967e+00
1.274436501587113746e+00
1.264290567514113173e+00
1.260606028224019459e+00
1.224438036208129299e+00
1.239018628142696254e+00
1.242014927879468322e+00
1.258291747560887019e+00
1.233480231333426991e+00
1.252145129582092897e+00
1.241573621776371761e+00
1.198113868209110811e+00
1.268534329599670274e+00
1.208011138311449351e+00
1.290835996809505115e+00
1.258833705098926004e+00
1.271726836271293015e+00
1.222619107488279289e+00
1.254920420823155247e+00
1.143292315597890907e+00
1.208599428725877001e+00
1.253462521700691390e+00
1.286446173722657793e+00
1.237792931814950981e+00
1.261070732605261480e+00
1.198164001661356171e+00
1.222012523926057082e+00
1.212147675698151073e+00
1.210433799743466432e+00
1.171801411208439836e+00
1.204960199767793005e+00
1.240412503298142344e+00
1.205561444111516112e+00
1.193120604490001124e+00
1.226009490360017828e+00
1.221111317863399437e+00
1.213086376608460970e+00
1.312543698708351414e+00
1.240249655534354289e+00
1.277487822901048009e+00
1.290371686365854975e+00
1.166498993405909124e+00
1.308284363401139627e+00
1.264197607969986148e+00
1.226040082363913264e+00
1.219470183708016187e+00
1.212098081266032468e+00
1.248385724782729467e+00
1.112822674413886492e+00
1.286081951278718494e+00
1.239964507270699956e+00
1.263218221573133349e+00
1.253618339175781804e+00
1.219366087991225811e+00
1.274346122286617033e+00
1.250993497140508559e+00
1.250163273177036460e+00
1.275299625189727060e+00
1.227792986768185823e+00
1.206261627519553903e+00
1.231574356418203342e+00
1.247484035944049108e+00
1.268892155721242920e+00
1.248498590009555542e+00
1.204070346727670993e+00
1.230980724434036722e+00
1.211501178082776908e+00
1.222058662050776956e+00
1.280592876147581771e+00
1.166448216921675884e+00
1.236812852894358938e+00
1.213711060672029829e+00
1.159913355928364975e+00
1.253033230998129577e+00
1.256984323510756285e+00
1.242293666454877599e+00
1.213310839685997067e+00
1.222330434031014601e+00
1.244730718581389617e+00
1.267513568988213768e+00
1.239264412552165684e+00
1.234731781639261339e+00
1.231020130534776547e+00
1.059419693740192736e+00
1.229558638716777397e+00
1.252039229318611335e+00
1.235043962925202798e+00
1.227370716748602986e+00
1.213643251636631337e+00
1.327950090743743594e+00
1.283577598070227088e+00
1.265134752107497373e+00
1.274625226243203180e+00
1.269143916582096576e+00
1.202404206528988384e+00
1.211887871699480312e+00
1.265835210523470256e+00
1.228603003479666889e+00
1.272467522918276250e+00
1.227413166794265598e+00
1.193954749058163678e+00
1.179232399282512223e+00
1.268294028735887480e+00
1.220671866503318048e+00
1.269940548827155125e+00
1.283973082169823865e+00
1.273038371879356978e+00
1.246353949978656450e+00
1.272159183183964259e+00
1.322608957686799203e+00
1.237390452636274008e+00
1.224805900547302651e+00
1.286484077043341667e+00
1.226804751063761190e+00
1.293107010151315128e+00
1.233227118578767767e+00
1.255815487741517300e+00
1.237191249433863938e+00
1.248948915625569756e+00
1.236922108461681491e+00
1.240433424596675049e+00
1.229277492130901317e+00
1.256132401727837911e+00
1.241918459927415341e+00
1.233744114203491504e+00
1.203867359986468877e+00
1.203977307945505171e+00
1.253372281282398415e+00
1.265859455571573200e+00
1.249867281991450474e+00
1.228560541846394960e+00
1.270931785759238153e+00
1.234610435080068402e+00
1.266801116661412374e+00
1.202051646295321463e+00
1.192484010353919821e+00
1.273747473369268191e+00
1.200264731024351050e+00
1.259099788860024827e+00
1.222576178991641616e+00
1.280077575864829509e+00
1.221673146795285714e+00
1.254072398201561800e+00
1.187775784412941071e+00
1.261687980133268550e+00
1.247664076694547930e+00
1.250390814060939437e+00
1.267888557236945601e+00
1.239120809445119153e+00
1.239657651408543781e+00
1.223499072876776284e+00
1.228047207509862959e+00
1.257370732051823037e+00
1.194136348602913955e+00
1.288382358231377145e+00
1.241259335720269918e+00
1.248731928305315542e+00
1.252764237657032043e+00
1.251135438508772735e+00
1.252622532062073635e+00
1.238924495432265571e+00
1.289264981480945815e+00
1.236859067166669268e+00
1.239261640628260164e+00
1.184776056477249595e+00
1.228948233518122102e+00
1.285264684496327803e+00
1.246974314617003143e+00
1.248431637045225084e+00
1.233673757653694691e+00
1.258535865876911020e+00
1.225043232564109408e+00
