1.180894612461572901e+00
1.288835363445254290e+00
1.222730941646428926e+00
1.296971158095215237e+00
1.223566267204228453e+00
1.299573891761024003e+00
1.184900433064726366e+00
1.210778446969549726e+00
1.218880859571377817e+00
1.201557572357232928e+00
1.266193392842939414e+00
1.304866172235145561e+00
1.299852623497834037e+00
1.261511388322491989e+00
1.256709140555095638e+00
1.189152431832781742e+00
1.209412916888298550e+00
1.251817610742467890e+00
1.261584750142013212e+00
1.209992288277921713e+00
1.209529717493750933e+00
1.243837344844974657e+00
1.284498421509874477e+00
1.242179077886669036e+00
1.209721901952270695e+00
1.273841553805818538e+00
1.249105070795128114e+00
1.223264845652340060e+00
1.207266463906804699e+00
1.262147225937395145e+00
1.252444342595246951e+00
1.239867278158219843e+00
1.221240062007020954e+00
1.242074034768643642e+00
1.278889353451699185e+00
1.241156491231269587e+00
1.211701140690338852e+00
1.212049264289754902e+00
1.264828187012869698e+00
1.213130458179265014e+00
1.205204516033683060e+00
1.261092269451243864e+00
1.239046566315403108e+00
1.220794280311525926e+00
1.269341225227538228e+00
1.196726899708784764e+00
1.218679262543514996e+00
1.217463988091249671e+00
1.236778507134926430e+00
1.267695616128411196e+00
1.238314046853626227e+00
1.234337086128160621e+00
1.229142682090320626e+00
1.276331056005490572e+00
1.231584367974154270e+00
1.280941947970747563e+00
1.262645601164189335e+00
1.289752399953773665e+00
1.265872203710638688e+00
1.279051572764353661e+00
1.266533963908207161e+00
1.292245143553609754e+00
1.177182670040371804e+00
1.175579987684927330e+00
1.256361527276809165e+00
1.298752877461763156e+00
1.256983173875209303e+00
1.266014580205164552e+00
1.927892541368582402e-01
1.205102913479770166e+00
1.215070243300600428e+00
1.232225516268818266e+00
1.246530099504206790e+00
1.188957335513697311e+00
1.223270298883557317e+00
1.210904280521629461e+00
6.257462936609601734e+00
1.158914149793492943e+00
1.229409141745039902e+00
1.255536787356854367e+00
1.234958920334391586e+00
1.230756015569766548e+00
1.249747104215188642e+00
1.255849237956656816e+00
1.243889615578019692e+00
1.266815180682858921e+00
1.305539476146201805e+00
1.216123875269976340e+00
1.253387915791627227e+00
1.217383129591972146e+00
1.243864504486744460e+00
1.280331887645984379e+00
1.197946383242911805e+00
1.228082668546155665e+00
1.229152222836975117e+00
1.174297606767838564e+00
1.301631524284220687e+00
1.239147541541237629e+00
1.268636078191671457e+00
1.209698394134703037e+00
1.161380866779795573e+00
1.189910287762661500e+00
1.268293631486275608e+00
1.229409735709794838e+00
1.291038899298191378e+00
1.227321654349019520e+00
1.305766734508039706e+00
1.231185452238816591e+00
1.210151020307410619e+00
1.230876034229328564e+00
1.270301858496702518e+00
1.248893860794380251e+00
1.190555757737910225e+00
1.253661256175537364e+00
1.253612448404235469e+00
1.229826286605049557e+00
1.233286030020646962e+00
1.253459256926664267e+00
1.231578614477460532e+00
1.232664758361891932e+00
1.274064999214392646e+00
1.202641348219821049e+00
1.276725372208330045e+00
1.236202953175256969e+00
1.247472501342877127e+00
1.315491304149874141e+00
1.208482579945730162e+00
1.151441672393617166e+00
1.244625772193620472e+00
1.249927377067782341e+00
1.245793950456029364e+00
1.242073154860472650e+00
2.012864096081138643e-01
1.233528946245838309e+00
1.287197414348099977e+00
1.227579569786412694e+00
1.207038812335930134e+00
1.210434708442068796e+00
1.267827320237856270e+00
1.218668550509489856e+00
1.255450776340272245e+00
1.265520880319201957e+00
1.246037733254873991e+00
1.199445375370166822e+00
1.252544549716540390e+00
1.260597520887213996e+00
1.269900003028461954e+00
1.256989920687324291e+00
1.311593993059457564e+00
1.271079856081941850e+00
1.197857845800947008e+00
1.187565332192638046e+00
1.256631901628120662e+00
1.186942176826399242e+00
1.272645458612901681e+00
1.208804133451927276e+00
1.263171222300557561e+00
1.302464831674546408e+00
1.258923986244669502e+00
1.279233970420151634e+00
1.286691556700012118e+00
1.300720860128855572e+00
1.165719038247828188e+00
1.190260168780449934e+00
1.245826650922919443e+00
1.228194410713793205e+00
1.280556974884140553e+00
1.246247896570791713e+00
1.212388983103584561e+00
1.234761277939180779e+00
1.216340781911173563e+00
1.193164474406491316e+00
1.265494512828160056e+00
1.225777265777048042e+00
1.202447088682583987e+00
1.251770849061836222e+00
1.317118369236230713e+00
1.240195402632061406e+00
1.296473770527787339e+00
1.238835195607434603e+00
1.242942544793509407e+00
1.264786089705414840e+00
1.303144727984665296e+00
1.252164260633792603e+00
1.284144814779447641e+00
1.205831266531343315e+00
1.286695095543874734e+00
1.231551341720626747e+00
1.240405491271076688e+00
1.236178428318647216e+00
1.246582629350418525e+00
1.253468535186193833e+00
1.197848646515806470e+00
1.249057321040413226e+00
1.257303626976025823e+00
1.164696871853415416e+00
1.231591593493065906e+00
1.299355397328474382e+00
1.212351376320981222e+00
1.225139309100830909e+00
1.275048642726437365e+00
1.264549034643436487e+00
1.259648429727626473e+00
1.261545768020444269e+00
1.300440262349505716e+00
1.234445765544424090e+00
1.280113874084087833e+00
1.281850166954877634e+00
1.225298170752599614e+00
1.230938771459646253e+00
1.246862350907445460e+00
1.279916759344233768e+00
1.994490939311055200e-01
1.280433773285605037e+00
1.301840784700280862e+00
1.245062435358066599e+00
1.211729690530833903e+00
1.211241959302316262e+00
1.262686008997697229e+00
1.202022927046076495e+00
1.300221981516259895e+00
1.215342424437546809e+00
1.248432526856667169e+00
1.237794703992483702e+00
1.234579007998982680e+00
1.272012603402423725e+00
1.995114684441587072e-01
1.222435271321296701e+00
1.245046932764141578e+00
1.254557544330503482e+00
1.334230422727809451e+00
1.224569909783239652e+00
1.210429325023618219e+00
1.325693120846878958e+00
1.263957927473993603e+00
1.222302400095164776e+00
1.217389650089549136e+00
1.241506012982287244e+00
1.228257204196716579e+00
1.258094365683768867e+00
1.242077635874572650e+00
1.242057601933003408e+00
1.931425325348753719e-01
1.219678113348241721e+00
1.230522169035126900e+00
1.259299331624532226e+00
1.177645415660048656e+00
1.242123480431778892e+00
1.814866888062790284e+00
1.260872714415995688e+00
1.208045635279141772e+00
1.267250665579751745e+00
1.225457842607753811e+00
1.256699830902995307e+00
1.212925797439899922e+00
1.267935257777061953e+00
1.267082798703300650e+00
1.240565651328214170e+00
1.282475286089268085e+00
1.240591352991747387e+00
1.200758443175190315e+00
1.190752442601780814e+00
1.219859957278673246e+00
1.231432684025459245e+00
1.212061374526555824e+00
1.235556466197662573e+00
1.239021795168681050e+00
1.239671060852111095e+00
1.228941154150812620e+00
1.238350663054182510e+00
1.982550277696568108e-01
1.227297550810861226e+00
1.252104088616474709e+00
1.210517624671380910e+00
1.254639111543120134e+00
1.901193478372755208e-01
1.262561353284244126e+00
1.283424208041997971e+00
1.348648903309109359e+00
1.233316858278934447e+00
1.272738195157672614e+00
1.267485792444647430e+00
1.306932858601220770e+00
1.254324224974338930e+00
1.259563386184908040e+00
1.297612365327842632e+00
1.218111156462548417e+00
1.210030735785642575e+00
1.354451351982324692e+00
1.261000166701258252e+00
1.274118242279695945e+00
1.187294646020829791e+00
1.238684390333415486e+00
1.213455465533122668e+00
1.226226290661394325e+00
1.247214187295519583e+00
1.229913064847218074e+00
1.274921368389126508e+00
1.278331561377971326e+00
1.212203552721088595e+00
1.233795828154535146e+00
1.322305767211438443e+00
1.189298015315605639e+00
1.276463201851029350e+00
1.264192325145231166e+00
1.203170194549566530e+00
1.258358823928402037e+00
1.226390159810610170e+00
1.311175412568414966e+00
1.216604935830888135e+00
1.280134051001740492e+00
1.237019321723307419e+00
1.231532413036886542e+00
1.278820346620733073e+00
1.206170854843717777e+00
1.227474903436264864e+00
1.193011106157427559e+00
1.272966378104391616e+00
1.214849696586660421e+00
1.277776707586919303e+00
1.242638799677163508e+00
1.222366720013104091e+00
1.249267405333784886e+00
1.232924938143570515e+00
1.959276149643094933e-01
1.245991338247090852e+00
1.240440866632749550e+00
1.187374694352405724e+00
1.200082369420472750e+00
1.276196311956644625e+00
1.207830141890722908e+00
1.930330483649501105e-01
1.242999895201615468e+00
1.192332509364300908e+00
1.255522743491590321e+00
1.250738581942457683e+00
1.317386545000319931e+00
1.260672030564047974e+00
1.270439309651564264e+00
1.197004558169420640e+00
1.247063131825465243e+00
1.254903332782274727e+00
1.214947269815007891e+00
1.261783609927917382e+00
1.278705944414496587e+00
1.223066468355768155e+00
1.199642910118509320e+00
1.323338550271877745e+00
1.288342019028682506e+00
1.217043105418959437e+00
1.246425459953233617e+00
1.204377905354639289e+00
1.240550017231649926e+00
1.214259488250273078e+00
1.216645297764094913e+00
1.247682174134614908e+00
1.988365457540599845e-01
1.228974606510612855e+00
1.265805658176803350e+00
1.239846067846713584e+00
1.273053815981333603e+00
1.934086216118341695e-01
1.255740546168041316e+00
1.258960865951739949e+00
1.272224402228023576e+00
1.271477131454688436e+00
1.307216809567546489e+00
1.202351549119572427e+00
1.249211859163695371e+00
1.223286391784998539e+00
1.269132268988534262e+00
1.261602259532706327e+00
1.249685217297197504e+00
1.227317661967922691e+00
1.229349600051047986e+00
1.262834877337479345e+00
1.262099770897491924e+00
1.223461594601363167e+00
1.263735059653669390e+00
1.253371451781173818e+00
1.257468200846602269e+00
1.204397296781366755e+00
1.236358259450338615e+00
1.265799487526642952e+00
1.232746590767256567e+00
1.266901543224785431e+00
1.203643833482387349e+00
1.191617307610317145e+00
1.199165002757138110e+00
1.171778173466883066e+00
1.286253627380192111e+00
1.274486650018306522e+00
1.953890759939084509e-01
1.983092184086726328e-01
1.219858287702495492e+00
1.281247802526651824e+00
1.291808934328150027e+00
1.256936994265336338e+00
1.239295735710877144e+00
1.254591441262749685e+00
1.242734744451603257e+00
1.191370693880196008e+00
1.229838374385867406e+00
1.259842006669211090e+00
1.268947519040753757e+00
1.299236772008776075e+00
1.240393072775341166e+00
1.261602827989108722e+00
1.258892104563174685e+00
1.232923203143138524e+00
1.222672241027147999e+00
1.272551984996907581e+00
1.234555922501488823e+00
1.197594280034522063e+00
1.234468465369423562e+00
1.237721824941870663e+00
1.251716377342262820e+00
1.209381343043898660e+00
1.197830522676248899e+00
1.246987763647476877e+00
1.254929863405232604e+00
1.201671128796951482e+00
1.216153582895373120e+00
1.240805231706002987e+00
1.275322950960518398e+00
1.217553631074012932e+00
1.259214945806318653e+00
3.314677983243466297e+00
1.274248226927565897e+00
1.216348796813273347e+00
1.240698995837694385e+00
1.220949951391452348e+00
1.223903381111276278e+00
1.257959294676594286e+00
1.244106152813394761e+00
1.223196800209932267e+00
1.235619912289187772e+00
1.248873196665585716e+00
1.961550100319359169e-01
1.272628868877518027e+00
1.191193062032007255e+00
1.236839236701114730e+00
2.016028879631274751e-01
1.335745837175216888e+00
1.192510322182314786e+00
1.208260878685766482e+00
1.280480245539523665e+00
1.268291380197889895e+00
1.200714864838082541e+00
1.248412550233173768e+00
1.218183610275501705e+00
1.260242342785974135e+00
1.249584690952362021e+00
1.202201615561508286e+00
1.226942165580610533e+00
1.247947805022258327e+00
1.225972554238986323e+00
1.337741530856772165e+00
1.300997289939558765e+00
1.279980534120026103e+00
1.275859113845338344e+00
1.226852222940309378e+00
1.205919034704856951e+00
1.266277110594638655e+00
1.212364275058296803e+00
1.244669826106134858e+00
1.239839473260029745e+00
1.254332446060984374e+00
1.299129774810814375e+00
1.263433864520111527e+00
1.213975088994299067e+00
1.234463337420268036e+00
1.271449658753032175e+00
1.225745374275541311e+00
1.312833267770166623e+00
1.258659017733528174e+00
1.239605349572716175e+00
1.248502834243745196e+00
1.271216877168507065e+00
1.222469618319214302e+00
1.235583473880733196e+00
1.240395496584642654e+00
1.259323549491839556e+00
1.221761935930458565e+00
1.234247076533270482e+00
1.262133984845508872e+00
1.236307323855877938e+00
1.152002070585429250e+00
1.195176047957654530e+00
1.262733829019214715e+00
1.289625051879403017e+00
1.159316237427583163e+00
1.277818428045986776e+00
1.219952372800916063e+00
1.288268344527220721e+00
1.204641988934584518e+00
1.239573203045254646e+00
