0.0  0.0  0.0  
0.0025  0.0  0.0  
0.005  0.0  0.0  
0.0075  0.0  0.0  
0.01  0.0  0.0  
0.0125  0.0  0.0  
0.015000000000000001  0.0  0.0  
0.0175  0.0  0.0  
0.02  0.0  0.0  
0.0225  0.0  0.0  
0.024999999999999998  0.0  0.0  
0.027499999999999997  0.0  0.0  
0.029999999999999995  0.0  0.0  
0.032499999999999994  0.0  0.0  
0.034999999999999996  0.0  0.0  
0.0375  0.0  0.0  
0.04  0.0  0.0  
0.0425  0.0  0.0  
0.045000000000000005  0.0  0.0  
0.04750000000000001  0.0  0.0  
0.05000000000000001  0.0  0.0  
0.05250000000000001  0.0  0.0  
0.055000000000000014  0.0  0.0  
0.057500000000000016  0.0  0.0  
0.06000000000000002  0.0  0.0  
0.06250000000000001  0.0  0.0  
0.06500000000000002  0.0  0.0  
0.06750000000000002  0.0  0.0  
0.07000000000000002  0.0  0.0  
0.07250000000000002  0.0  0.0  
0.07500000000000002  0.0  0.0  
0.07750000000000003  0.0  0.0  
0.08000000000000003  0.0  0.0  
0.08250000000000003  0.0  0.0  
0.08500000000000003  0.0  0.0  
0.08750000000000004  0.0  0.0  
0.09000000000000004  0.0  0.0  
0.09250000000000004  0.0  0.0  
0.09500000000000004  0.0  0.0  
0.09750000000000004  0.0  0.0  
0.10000000000000005  0.0  0.0  
0.10250000000000005  0.0  0.0  
0.10500000000000005  0.0  0.0  
0.10750000000000005  0.0  0.0  
0.11000000000000006  0.0  0.0  
0.11250000000000006  0.0  0.0  
0.11500000000000006  0.0  0.0  
0.11750000000000006  0.0  0.0  
0.12000000000000006  0.0  0.0  
0.12250000000000007  0.0  0.0  
0.12500000000000006  0.0  0.0  
0.12750000000000006  0.0  0.0  
0.13000000000000006  0.0  0.0  
0.13250000000000006  0.0  0.0  
0.13500000000000006  0.0  0.0  
0.13750000000000007  0.0  0.0  
0.14000000000000007  0.0  0.0  
0.14250000000000007  0.0  0.0  
0.14500000000000007  0.0  0.0  
0.14750000000000008  0.0  0.0  
0.15000000000000008  0.0  0.0  
0.15250000000000008  0.0  0.0  
0.15500000000000008  0.0  0.0  
0.15750000000000008  0.0  0.0  
0.1600000000000001  0.0  0.0  
0.1625000000000001  0.0  0.0  
0.1650000000000001  0.0  0.0  
0.1675000000000001  0.0  0.0  
0.1700000000000001  0.0  0.0  
0.1725000000000001  0.0  0.0  
0.1750000000000001  0.0  0.0  
0.1775000000000001  0.0  0.0  
0.1800000000000001  0.0  0.0  
0.1825000000000001  0.0  0.0  
0.1850000000000001  0.0  0.0  
0.1875000000000001  0.0  0.0  
0.1900000000000001  0.0  0.0  
0.19250000000000012  0.0  0.0  
0.19500000000000012  0.0  0.0  
0.19750000000000012  0.0  0.0  
0.20000000000000012  0.0  0.0  
0.20250000000000012  0.0  0.0  
0.20500000000000013  0.0  0.0  
0.20750000000000013  0.0  0.0  
0.21000000000000013  0.0  0.0  
0.21250000000000013  0.0  0.0  
0.21500000000000014  0.0  0.0  
0.21750000000000014  0.0  0.0  
0.22000000000000014  0.0  0.0  
0.22250000000000014  0.0  0.0  
0.22500000000000014  0.0  0.0  
0.22750000000000015  0.0  0.0  
0.23000000000000015  0.0  0.0  
0.23250000000000015  0.0  0.0  
0.23500000000000015  0.0  0.0  
0.23750000000000016  0.0  0.0  
0.24000000000000016  0.0  0.0  
0.24250000000000016  0.0  0.0  
0.24500000000000016  0.0  0.0  
0.24750000000000016  0.0  0.0  
0.25000000000000017  0.0  0.0  
0.25250000000000017  0.0  0.0  
0.25500000000000017  0.0  0.0  
0.2575000000000002  0.0  0.0  
0.2600000000000002  0.0  0.0  
0.2625000000000002  0.0  0.0  
0.2650000000000002  0.0  0.0  
0.2675000000000002  0.0  0.0  
0.2700000000000002  0.0  0.0  
0.2725000000000002  0.0  0.0  
0.2750000000000002  0.0  0.0  
0.2775000000000002  0.0  0.0  
0.2800000000000002  0.0  0.0  
0.2825000000000002  0.0  0.0  
0.2850000000000002  0.0  0.0  
0.2875000000000002  0.0  0.0  
0.2900000000000002  0.0  0.0  
0.2925000000000002  0.0  0.0  
0.2950000000000002  0.0  0.0  
0.2975000000000002  0.0  0.0  
0.3000000000000002  0.0  0.0  
0.3025000000000002  0.0  0.0  
0.3050000000000002  0.0  0.0  
0.3075000000000002  0.0  0.0  
0.3100000000000002  0.0  0.0  
0.3125000000000002  0.0  0.0  
0.3150000000000002  0.0  0.0  
0.3175000000000002  0.0  0.0  
0.32000000000000023  0.0  0.0  
0.32250000000000023  0.0  0.0  
0.32500000000000023  0.0  0.0  
0.32750000000000024  0.0  0.0  
0.33000000000000024  0.0  0.0  
0.33250000000000024  0.0  0.0  
0.33500000000000024  0.0  0.0  
0.33750000000000024  0.0  0.0  
0.34000000000000025  0.0  0.0  
0.34250000000000025  0.0  0.0  
0.34500000000000025  0.0  0.0  
0.34750000000000025  0.0  0.0  
0.35000000000000026  0.0  0.0  
0.35250000000000026  0.0  0.0  
0.35500000000000026  0.0  0.0  
0.35750000000000026  0.0  0.0  
0.36000000000000026  0.0  0.0  
0.36250000000000027  0.0  0.0  
0.36500000000000027  0.0  0.0  
0.36750000000000027  0.0  0.0  
0.3700000000000003  0.0  0.0  
0.3725000000000003  0.0  0.0  
0.3750000000000003  0.0  0.0  
0.3775000000000003  0.0  0.0  
0.3800000000000003  0.0  0.0  
0.3825000000000003  0.0  0.0  
0.3850000000000003  0.0  0.0  
0.3875000000000003  0.0  0.0  
0.3900000000000003  0.0  0.0  
0.3925000000000003  0.0  0.0  
0.3950000000000003  0.0  0.0  
0.3975000000000003  0.0  0.0  
0.4000000000000003  0.0  0.0  
0.4025000000000003  0.0  0.0  
0.4050000000000003  0.0  0.0  
0.4075000000000003  0.0  0.0  
0.4100000000000003  0.0  0.0  
0.4125000000000003  0.0  0.0  
0.4150000000000003  0.0  0.0  
0.4175000000000003  0.0  0.0  
0.4200000000000003  0.0  0.0  
0.4225000000000003  0.0  0.0  
0.4250000000000003  0.0  0.0  
0.4275000000000003  0.0  0.0  
0.4300000000000003  0.0  0.0  
0.43250000000000033  0.0  0.0  
0.43500000000000033  0.0  0.0  
0.43750000000000033  0.0  0.0  
0.44000000000000034  0.0  0.0  
0.44250000000000034  0.0  0.0  
0.44500000000000034  0.0  0.0  
0.44750000000000034  0.0  0.0  
0.45000000000000034  0.0  0.0  
0.45250000000000035  0.0  0.0  
0.45500000000000035  0.0  0.0  
0.45750000000000035  0.0  0.0  
0.46000000000000035  0.0  0.0  
0.46250000000000036  0.0  0.0  
0.46500000000000036  0.0  0.0  
0.46750000000000036  0.0  0.0  
0.47000000000000036  0.0  0.0  
0.47250000000000036  0.0  0.0  
0.47500000000000037  0.0  0.0  
0.47750000000000037  0.0  0.0  
0.48000000000000037  0.0  0.0  
0.4825000000000004  0.0  0.0  
0.4850000000000004  0.0  0.0  
0.4875000000000004  0.0  0.0  
0.4900000000000004  0.0  0.0  
0.4925000000000004  0.0  0.0  
0.4950000000000004  0.0  0.0  
0.4975000000000004  0.0  0.0  
0.5000000000000003  0.0  0.0  
0.5025000000000003  0.0  0.0  
0.5050000000000002  0.0  0.0  
0.5075000000000002  0.0  0.0  
0.5100000000000001  0.0  0.0  
0.5125000000000001  0.0  0.0  
0.515  0.0  0.0  
0.5175  0.0  0.0  
0.5199999999999999  0.0  0.0  
0.5224999999999999  0.0  0.0  
0.5249999999999998  0.0  0.0  
0.5274999999999997  0.0  0.0  
0.5299999999999997  0.0  0.0  
0.5324999999999996  0.0  0.0  
0.5349999999999996  0.0  0.0  
0.5374999999999995  0.0  0.0  
0.5399999999999995  0.0  0.0  
0.5424999999999994  0.0  0.0  
0.5449999999999994  0.0  0.0  
0.5474999999999993  0.0  0.0  
0.5499999999999993  0.0  0.0  
0.5524999999999992  0.0  0.0  
0.5549999999999992  0.0  0.0  
0.5574999999999991  0.0  0.0  
0.559999999999999  0.0  0.0  
0.562499999999999  0.0  0.0  
0.564999999999999  0.0  0.0  
0.5674999999999989  0.0  0.0  
0.5699999999999988  0.0  0.0  
0.5724999999999988  0.0  0.0  
0.5749999999999987  0.0  0.0  
0.5774999999999987  0.0  0.0  
0.5799999999999986  0.0  0.0  
0.5824999999999986  0.0  0.0  
0.5849999999999985  0.0  0.0  
0.5874999999999985  0.0  0.0  
0.5899999999999984  0.0  0.0  
0.5924999999999984  0.0  0.0  
0.5949999999999983  0.0  0.0  
0.5974999999999983  0.0  0.0  
0.5999999999999982  0.0  0.0  
0.6024999999999981  0.0  0.0  
0.6049999999999981  0.0  0.0  
0.607499999999998  0.0  0.0  
0.609999999999998  0.0  0.0  
0.6124999999999979  0.0  0.0  
0.6149999999999979  0.0  0.0  
0.6174999999999978  0.0  0.0  
0.6199999999999978  0.0  0.0  
0.6224999999999977  0.0  0.0  
0.6249999999999977  0.0  0.0  
0.6274999999999976  0.0  0.0  
0.6299999999999976  0.0  0.0  
0.6324999999999975  0.0  0.0  
0.6349999999999975  0.0  0.0  
0.6374999999999974  0.0  0.0  
0.6399999999999973  0.0  0.0  
0.6424999999999973  0.0  0.0  
0.6449999999999972  0.0  0.0  
0.6474999999999972  0.0  0.0  
0.6499999999999971  0.0  0.0  
0.6524999999999971  0.0  0.0  
0.654999999999997  0.0  0.0  
0.657499999999997  0.0  0.0  
0.6599999999999969  0.0  0.0  
0.6624999999999969  0.0  0.0  
0.6649999999999968  0.0  0.0  
0.6674999999999968  0.0  0.0  
0.6699999999999967  0.0  0.0  
0.6724999999999967  0.0  0.0  
0.6749999999999966  0.0  0.0  
0.6774999999999965  0.0  0.0  
0.6799999999999965  0.0  0.0  
0.6824999999999964  0.0  0.0  
0.6849999999999964  0.0  0.0  
0.6874999999999963  0.0  0.0  
0.6899999999999963  0.0  0.0  
0.6924999999999962  0.0  0.0  
0.6949999999999962  0.0  0.0  
0.6974999999999961  0.0  0.0  
0.6999999999999961  0.0  0.0  
0.702499999999996  0.0  0.0  
0.704999999999996  0.0  0.0  
0.7074999999999959  0.0  0.0  
0.7099999999999959  0.0  0.0  
0.7124999999999958  0.0  0.0  
0.7149999999999958  0.0  0.0  
0.7174999999999957  0.0  0.0  
0.7199999999999956  0.0  0.0  
0.7224999999999956  0.0  0.0  
0.7249999999999955  0.0  0.0  
0.7274999999999955  0.0  0.0  
0.7299999999999954  0.0  0.0  
0.7324999999999954  0.0  0.0  
0.7349999999999953  0.0  0.0  
0.7374999999999953  0.0  0.0  
0.7399999999999952  0.0  0.0  
0.7424999999999952  0.0  0.0  
0.7449999999999951  0.0  0.0  
0.7474999999999951  0.0  0.0  
0.749999999999995  0.0  0.0  
0.752499999999995  0.0  0.0  
0.7549999999999949  0.0  0.0  
0.7574999999999948  0.0  0.0  
0.7599999999999948  0.0  0.0  
0.7624999999999947  0.0  0.0  
0.7649999999999947  0.0  0.0  
0.7674999999999946  0.0  0.0  
0.7699999999999946  0.0  0.0  
0.7724999999999945  0.0  0.0  
0.7749999999999945  0.0  0.0  
0.7774999999999944  0.0  0.0  
0.7799999999999944  0.0  0.0  
0.7824999999999943  0.0  0.0  
0.7849999999999943  0.0  0.0  
0.7874999999999942  0.0  0.0  
0.7899999999999942  0.0  0.0  
0.7924999999999941  0.0  0.0  
0.794999999999994  0.0  0.0  
0.797499999999994  0.0  0.0  
0.7999999999999939  0.0  0.0  
0.8024999999999939  0.0  0.0  
0.8049999999999938  0.0  0.0  
0.8074999999999938  0.0  0.0  
0.8099999999999937  0.0  0.0  
0.8124999999999937  0.0  0.0  
0.8149999999999936  0.0  0.0  
0.8174999999999936  0.0  0.0  
0.8199999999999935  0.0  0.0  
0.8224999999999935  0.0  0.0  
0.8249999999999934  0.0  0.0  
0.8274999999999934  0.0  0.0  
0.8299999999999933  0.0  0.0  
0.8324999999999932  0.0  0.0  
0.8349999999999932  0.0  0.0  
0.8374999999999931  0.0  0.0  
0.8399999999999931  0.0  0.0  
0.842499999999993  0.0  0.0  
0.844999999999993  0.0  0.0  
0.8474999999999929  0.0  0.0  
0.8499999999999929  0.0  0.0  
0.8524999999999928  0.0  0.0  
0.8549999999999928  0.0  0.0  
0.8574999999999927  0.0  0.0  
0.8599999999999927  0.0  0.0  
0.8624999999999926  0.0  0.0  
0.8649999999999926  0.0  0.0  
0.8674999999999925  0.0  0.0  
0.8699999999999924  0.0  0.0  
0.8724999999999924  0.0  0.0  
0.8749999999999923  0.0  0.0  
0.8774999999999923  0.0  0.0  
0.8799999999999922  0.0  0.0  
0.8824999999999922  0.0  0.0  
0.8849999999999921  0.0  0.0  
0.8874999999999921  0.0  0.0  
0.889999999999992  0.0  0.0  
0.892499999999992  0.0  0.0  
0.8949999999999919  0.0  0.0  
0.8974999999999919  0.0  0.0  
0.8999999999999918  0.0  0.0  
0.9024999999999918  0.0  0.0  
0.9049999999999917  0.0  0.0  
0.9074999999999916  0.0  0.0  
0.9099999999999916  0.0  0.0  
0.9124999999999915  0.0  0.0  
0.9149999999999915  0.0  0.0  
0.9174999999999914  0.0  0.0  
0.9199999999999914  0.0  0.0  
0.9224999999999913  0.0  0.0  
0.9249999999999913  0.0  0.0  
0.9274999999999912  0.0  0.0  
0.9299999999999912  0.0  0.0  
0.9324999999999911  0.0  0.0  
0.9349999999999911  0.0  0.0  
0.937499999999991  0.0  0.0  
0.939999999999991  0.0  0.0  
0.9424999999999909  0.0  0.0  
0.9449999999999908  0.0  0.0  
0.9474999999999908  0.0  0.0  
0.9499999999999907  0.0  0.0  
0.9524999999999907  0.0  0.0  
0.9549999999999906  0.0  0.0  
0.9574999999999906  0.0  0.0  
0.9599999999999905  0.0  0.0  
0.9624999999999905  0.0  0.0  
0.9649999999999904  0.0  0.0  
0.9674999999999904  0.0  0.0  
0.9699999999999903  0.0  0.0  
0.9724999999999903  0.0  0.0  
0.9749999999999902  0.0  0.0  
0.9774999999999902  0.0  0.0  
0.9799999999999901  0.0  0.0  
0.98249999999999  0.0  0.0  
0.98499999999999  0.0  0.0  
0.9874999999999899  0.0  0.0  
0.9899999999999899  0.0  0.0  
0.9924999999999898  0.0  0.0  
0.9949999999999898  0.0  0.0  
0.9974999999999897  0.0  0.0  
0.9999999999999897  0.0  0.0  
1.0024999999999897  0.0025  1.0  
1.0049999999999897  0.005  1.0  
1.0074999999999896  0.0075  1.0  
1.0099999999999896  0.01  1.0  
1.0124999999999895  0.0125  1.0  
1.0149999999999895  0.015000000000000001  1.0  
1.0174999999999894  0.0175  1.0  
1.0199999999999894  0.02  1.0  
1.0224999999999893  0.0225  1.0  
1.0249999999999893  0.024999999999999998  1.0  
1.0274999999999892  0.027499999999999997  1.0  
1.0299999999999891  0.029999999999999995  1.0  
1.032499999999989  0.032499999999999994  1.0  
1.034999999999989  0.034999999999999996  1.0  
1.037499999999989  0.0375  1.0  
1.039999999999989  0.04  1.0  
1.0424999999999889  0.0425  1.0  
1.0449999999999888  0.045000000000000005  1.0  
1.0474999999999888  0.04750000000000001  1.0  
1.0499999999999887  0.05000000000000001  1.0  
1.0524999999999887  0.05250000000000001  1.0  
1.0549999999999886  0.055000000000000014  1.0  
1.0574999999999886  0.057500000000000016  1.0  
1.0599999999999885  0.06000000000000002  1.0  
1.0624999999999885  0.06250000000000001  1.0  
1.0649999999999884  0.06500000000000002  1.0  
1.0674999999999883  0.06750000000000002  1.0  
1.0699999999999883  0.07000000000000002  1.0  
1.0724999999999882  0.07250000000000002  1.0  
1.0749999999999882  0.07500000000000002  1.0  
1.0774999999999881  0.07750000000000003  1.0  
1.079999999999988  0.08000000000000003  1.0  
1.082499999999988  0.08250000000000003  1.0  
1.084999999999988  0.08500000000000003  1.0  
1.087499999999988  0.08750000000000004  1.0  
1.0899999999999879  0.09000000000000004  1.0  
1.0924999999999878  0.09250000000000004  1.0  
1.0949999999999878  0.09500000000000004  1.0  
1.0974999999999877  0.09750000000000004  1.0  
1.0999999999999877  0.10000000000000005  1.0  
1.1024999999999876  0.10250000000000005  1.0  
1.1049999999999875  0.10500000000000005  1.0  
1.1074999999999875  0.10750000000000005  1.0  
1.1099999999999874  0.11000000000000006  1.0  
1.1124999999999874  0.11250000000000006  1.0  
1.1149999999999873  0.11500000000000006  1.0  
1.1174999999999873  0.11750000000000006  1.0  
1.1199999999999872  0.12000000000000006  1.0  
1.1224999999999872  0.12250000000000007  1.0  
1.1249999999999871  0.12500000000000006  1.0  
1.127499999999987  0.12750000000000006  1.0  
1.129999999999987  0.13000000000000006  1.0  
1.132499999999987  0.13250000000000006  1.0  
1.134999999999987  0.13500000000000006  1.0  
1.1374999999999869  0.13750000000000007  1.0  
1.1399999999999868  0.14000000000000007  1.0  
1.1424999999999867  0.14250000000000007  1.0  
1.1449999999999867  0.14500000000000007  1.0  
1.1474999999999866  0.14750000000000008  1.0  
1.1499999999999866  0.15000000000000008  1.0  
1.1524999999999865  0.15250000000000008  1.0  
1.1549999999999865  0.15500000000000008  1.0  
1.1574999999999864  0.15750000000000008  1.0  
1.1599999999999864  0.1600000000000001  1.0  
1.1624999999999863  0.1625000000000001  1.0  
1.1649999999999863  0.1650000000000001  1.0  
1.1674999999999862  0.1675000000000001  1.0  
1.1699999999999862  0.1700000000000001  1.0  
1.172499999999986  0.1725000000000001  1.0  
1.174999999999986  0.1750000000000001  1.0  
1.177499999999986  0.1775000000000001  1.0  
1.179999999999986  0.1800000000000001  1.0  
1.182499999999986  0.1825000000000001  1.0  
1.1849999999999858  0.1850000000000001  1.0  
1.1874999999999858  0.1875000000000001  1.0  
1.1899999999999857  0.1900000000000001  1.0  
1.1924999999999857  0.19250000000000012  1.0  
1.1949999999999856  0.19500000000000012  1.0  
1.1974999999999856  0.19750000000000012  1.0  
1.1999999999999855  0.20000000000000012  1.0  
1.2024999999999855  0.20250000000000012  1.0  
1.2049999999999854  0.20500000000000013  1.0  
1.2074999999999854  0.20750000000000013  1.0  
1.2099999999999853  0.21000000000000013  1.0  
1.2124999999999853  0.21250000000000013  1.0  
1.2149999999999852  0.21500000000000014  1.0  
1.2174999999999851  0.21750000000000014  1.0  
1.219999999999985  0.22000000000000014  1.0  
1.222499999999985  0.22250000000000014  1.0  
1.224999999999985  0.22500000000000014  1.0  
1.227499999999985  0.22750000000000015  1.0  
1.2299999999999849  0.23000000000000015  1.0  
1.2324999999999848  0.23250000000000015  1.0  
1.2349999999999848  0.23500000000000015  1.0  
1.2374999999999847  0.23750000000000016  1.0  
1.2399999999999847  0.24000000000000016  1.0  
1.2424999999999846  0.24250000000000016  1.0  
1.2449999999999846  0.24500000000000016  1.0  
1.2474999999999845  0.24750000000000016  1.0  
1.2499999999999845  0.25000000000000017  1.0  
1.2524999999999844  0.25250000000000017  1.0  
1.2549999999999844  0.25500000000000017  1.0  
1.2574999999999843  0.2575000000000002  1.0  
1.2599999999999842  0.2600000000000002  1.0  
1.2624999999999842  0.2625000000000002  1.0  
1.2649999999999841  0.2650000000000002  1.0  
1.267499999999984  0.2675000000000002  1.0  
1.269999999999984  0.2700000000000002  1.0  
1.272499999999984  0.2725000000000002  1.0  
1.274999999999984  0.2750000000000002  1.0  
1.2774999999999839  0.2775000000000002  1.0  
1.2799999999999838  0.2800000000000002  1.0  
1.2824999999999838  0.2825000000000002  1.0  
1.2849999999999837  0.2850000000000002  1.0  
1.2874999999999837  0.2875000000000002  1.0  
1.2899999999999836  0.2900000000000002  1.0  
1.2924999999999836  0.2925000000000002  1.0  
1.2949999999999835  0.2950000000000002  1.0  
1.2974999999999834  0.2975000000000002  1.0  
1.2999999999999834  0.3000000000000002  1.0  
1.3024999999999833  0.3025000000000002  1.0  
1.3049999999999833  0.3050000000000002  1.0  
1.3074999999999832  0.3075000000000002  1.0  
1.3099999999999832  0.3100000000000002  1.0  
1.3124999999999831  0.3125000000000002  1.0  
1.314999999999983  0.3150000000000002  1.0  
1.317499999999983  0.3175000000000002  1.0  
1.319999999999983  0.32000000000000023  1.0  
1.322499999999983  0.32250000000000023  1.0  
1.3249999999999829  0.32500000000000023  1.0  
1.3274999999999828  0.32750000000000024  1.0  
1.3299999999999828  0.33000000000000024  1.0  
1.3324999999999827  0.33250000000000024  1.0  
1.3349999999999826  0.33500000000000024  1.0  
1.3374999999999826  0.33750000000000024  1.0  
1.3399999999999825  0.34000000000000025  1.0  
1.3424999999999825  0.34250000000000025  1.0  
1.3449999999999824  0.34500000000000025  1.0  
1.3474999999999824  0.34750000000000025  1.0  
1.3499999999999823  0.35000000000000026  1.0  
1.3524999999999823  0.35250000000000026  1.0  
1.3549999999999822  0.35500000000000026  1.0  
1.3574999999999822  0.35750000000000026  1.0  
1.3599999999999821  0.36000000000000026  1.0  
1.362499999999982  0.36250000000000027  1.0  
1.364999999999982  0.36500000000000027  1.0  
1.367499999999982  0.36750000000000027  1.0  
1.369999999999982  0.3700000000000003  1.0  
1.3724999999999818  0.3725000000000003  1.0  
1.3749999999999818  0.3750000000000003  1.0  
1.3774999999999817  0.3775000000000003  1.0  
1.3799999999999817  0.3800000000000003  1.0  
1.3824999999999816  0.3825000000000003  1.0  
1.3849999999999816  0.3850000000000003  1.0  
1.3874999999999815  0.3875000000000003  1.0  
1.3899999999999815  0.3900000000000003  1.0  
1.3924999999999814  0.3925000000000003  1.0  
1.3949999999999814  0.3950000000000003  1.0  
1.3974999999999813  0.3975000000000003  1.0  
1.3999999999999813  0.4000000000000003  1.0  
1.4024999999999812  0.4025000000000003  1.0  
1.4049999999999812  0.4050000000000003  1.0  
1.407499999999981  0.4075000000000003  1.0  
1.409999999999981  0.4100000000000003  1.0  
1.412499999999981  0.4125000000000003  1.0  
1.414999999999981  0.4150000000000003  1.0  
1.4174999999999809  0.4175000000000003  1.0  
1.4199999999999808  0.4200000000000003  1.0  
1.4224999999999808  0.4225000000000003  1.0  
1.4249999999999807  0.4250000000000003  1.0  
1.4274999999999807  0.4275000000000003  1.0  
1.4299999999999806  0.4300000000000003  1.0  
1.4324999999999806  0.43250000000000033  1.0  
1.4349999999999805  0.43500000000000033  1.0  
1.4374999999999805  0.43750000000000033  1.0  
1.4399999999999804  0.44000000000000034  1.0  
1.4424999999999804  0.44250000000000034  1.0  
1.4449999999999803  0.44500000000000034  1.0  
1.4474999999999802  0.44750000000000034  1.0  
1.4499999999999802  0.45000000000000034  1.0  
1.4524999999999801  0.45250000000000035  1.0  
1.45499999999998  0.45500000000000035  1.0  
1.45749999999998  0.45750000000000035  1.0  
1.45999999999998  0.46000000000000035  1.0  
1.46249999999998  0.46250000000000036  1.0  
1.4649999999999799  0.46500000000000036  1.0  
1.4674999999999798  0.46750000000000036  1.0  
1.4699999999999798  0.47000000000000036  1.0  
1.4724999999999797  0.47250000000000036  1.0  
1.4749999999999797  0.47500000000000037  1.0  
1.4774999999999796  0.47750000000000037  1.0  
1.4799999999999796  0.48000000000000037  1.0  
1.4824999999999795  0.4825000000000004  1.0  
1.4849999999999794  0.4850000000000004  1.0  
1.4874999999999794  0.4875000000000004  1.0  
1.4899999999999793  0.4900000000000004  1.0  
1.4924999999999793  0.4925000000000004  1.0  
1.4949999999999792  0.4950000000000004  1.0  
1.4974999999999792  0.4975000000000004  1.0  
1.4999999999999791  0.5000000000000003  1.0  
1.502499999999979  0.5025000000000003  1.0  
1.504999999999979  0.5050000000000002  1.0  
1.507499999999979  0.5075000000000002  1.0  
1.509999999999979  0.5100000000000001  1.0  
1.5124999999999789  0.5125000000000001  1.0  
1.5149999999999788  0.515  1.0  
1.5174999999999788  0.5175  1.0  
1.5199999999999787  0.5199999999999999  1.0  
1.5224999999999786  0.5224999999999999  1.0  
1.5249999999999786  0.5249999999999998  1.0  
1.5274999999999785  0.5274999999999997  1.0  
1.5299999999999785  0.5299999999999997  1.0  
1.5324999999999784  0.5324999999999996  1.0  
1.5349999999999784  0.5349999999999996  1.0  
1.5374999999999783  0.5374999999999995  1.0  
1.5399999999999783  0.5399999999999995  1.0  
1.5424999999999782  0.5424999999999994  1.0  
1.5449999999999782  0.5449999999999994  1.0  
1.5474999999999781  0.5474999999999993  1.0  
1.549999999999978  0.5499999999999993  1.0  
1.552499999999978  0.5524999999999992  1.0  
1.554999999999978  0.5549999999999992  1.0  
1.557499999999978  0.5574999999999991  1.0  
1.5599999999999778  0.559999999999999  1.0  
1.5624999999999778  0.562499999999999  1.0  
1.5649999999999777  0.564999999999999  1.0  
1.5674999999999777  0.5674999999999989  1.0  
1.5699999999999776  0.5699999999999988  1.0  
1.5724999999999776  0.5724999999999988  1.0  
1.5749999999999775  0.5749999999999987  1.0  
1.5774999999999775  0.5774999999999987  1.0  
1.5799999999999774  0.5799999999999986  1.0  
1.5824999999999774  0.5824999999999986  1.0  
1.5849999999999773  0.5849999999999985  1.0  
1.5874999999999773  0.5874999999999985  1.0  
1.5899999999999772  0.5899999999999984  1.0  
1.5924999999999772  0.5924999999999984  1.0  
1.594999999999977  0.5949999999999983  1.0  
1.597499999999977  0.5974999999999983  1.0  
1.599999999999977  0.5999999999999982  1.0  
1.602499999999977  0.6024999999999981  1.0  
1.604999999999977  0.6049999999999981  1.0  
1.6074999999999768  0.607499999999998  1.0  
1.6099999999999768  0.609999999999998  1.0  
1.6124999999999767  0.6124999999999979  1.0  
1.6149999999999767  0.6149999999999979  1.0  
1.6174999999999766  0.6174999999999978  1.0  
1.6199999999999766  0.6199999999999978  1.0  
1.6224999999999765  0.6224999999999977  1.0  
1.6249999999999765  0.6249999999999977  1.0  
1.6274999999999764  0.6274999999999976  1.0  
1.6299999999999764  0.6299999999999976  1.0  
1.6324999999999763  0.6324999999999975  1.0  
1.6349999999999763  0.6349999999999975  1.0  
1.6374999999999762  0.6374999999999974  1.0  
1.6399999999999761  0.6399999999999973  1.0  
1.642499999999976  0.6424999999999973  1.0  
1.644999999999976  0.6449999999999972  1.0  
1.647499999999976  0.6474999999999972  1.0  
1.649999999999976  0.6499999999999971  1.0  
1.6524999999999759  0.6524999999999971  1.0  
1.6549999999999758  0.654999999999997  1.0  
1.6574999999999758  0.657499999999997  1.0  
1.6599999999999757  0.6599999999999969  1.0  
1.6624999999999757  0.6624999999999969  1.0  
1.6649999999999756  0.6649999999999968  1.0  
1.6674999999999756  0.6674999999999968  1.0  
1.6699999999999755  0.6699999999999967  1.0  
1.6724999999999755  0.6724999999999967  1.0  
1.6749999999999754  0.6749999999999966  1.0  
1.6774999999999753  0.6774999999999965  1.0  
1.6799999999999753  0.6799999999999965  1.0  
1.6824999999999752  0.6824999999999964  1.0  
1.6849999999999752  0.6849999999999964  1.0  
1.6874999999999751  0.6874999999999963  1.0  
1.689999999999975  0.6899999999999963  1.0  
1.692499999999975  0.6924999999999962  1.0  
1.694999999999975  0.6949999999999962  1.0  
1.697499999999975  0.6974999999999961  1.0  
1.6999999999999749  0.6999999999999961  1.0  
1.7024999999999748  0.702499999999996  1.0  
1.7049999999999748  0.704999999999996  1.0  
1.7074999999999747  0.7074999999999959  1.0  
1.7099999999999747  0.7099999999999959  1.0  
1.7124999999999746  0.7124999999999958  1.0  
1.7149999999999745  0.7149999999999958  1.0  
1.7174999999999745  0.7174999999999957  1.0  
1.7199999999999744  0.7199999999999956  1.0  
1.7224999999999744  0.7224999999999956  1.0  
1.7249999999999743  0.7249999999999955  1.0  
1.7274999999999743  0.7274999999999955  1.0  
1.7299999999999742  0.7299999999999954  1.0  
1.7324999999999742  0.7324999999999954  1.0  
1.7349999999999741  0.7349999999999953  1.0  
1.737499999999974  0.7374999999999953  1.0  
1.739999999999974  0.7399999999999952  1.0  
1.742499999999974  0.7424999999999952  1.0  
1.744999999999974  0.7449999999999951  1.0  
1.7474999999999739  0.7474999999999951  1.0  
1.7499999999999738  0.749999999999995  1.0  
1.7524999999999737  0.752499999999995  1.0  
1.7549999999999737  0.7549999999999949  1.0  
1.7574999999999736  0.7574999999999948  1.0  
1.7599999999999736  0.7599999999999948  1.0  
1.7624999999999735  0.7624999999999947  1.0  
1.7649999999999735  0.7649999999999947  1.0  
1.7674999999999734  0.7674999999999946  1.0  
1.7699999999999734  0.7699999999999946  1.0  
1.7724999999999733  0.7724999999999945  1.0  
1.7749999999999733  0.7749999999999945  1.0  
1.7774999999999732  0.7774999999999944  1.0  
1.7799999999999732  0.7799999999999944  1.0  
1.782499999999973  0.7824999999999943  1.0  
1.784999999999973  0.7849999999999943  1.0  
1.787499999999973  0.7874999999999942  1.0  
1.789999999999973  0.7899999999999942  1.0  
1.792499999999973  0.7924999999999941  1.0  
1.7949999999999728  0.794999999999994  1.0  
1.7974999999999728  0.797499999999994  1.0  
1.7999999999999727  0.7999999999999939  1.0  
1.8024999999999727  0.8024999999999939  1.0  
1.8049999999999726  0.8049999999999938  1.0  
1.8074999999999726  0.8074999999999938  1.0  
1.8099999999999725  0.8099999999999937  1.0  
1.8124999999999725  0.8124999999999937  1.0  
1.8149999999999724  0.8149999999999936  1.0  
1.8174999999999724  0.8174999999999936  1.0  
1.8199999999999723  0.8199999999999935  1.0  
1.8224999999999723  0.8224999999999935  1.0  
1.8249999999999722  0.8249999999999934  1.0  
1.8274999999999721  0.8274999999999934  1.0  
1.829999999999972  0.8299999999999933  1.0  
1.832499999999972  0.8324999999999932  1.0  
1.834999999999972  0.8349999999999932  1.0  
1.837499999999972  0.8374999999999931  1.0  
1.8399999999999719  0.8399999999999931  1.0  
1.8424999999999718  0.842499999999993  1.0  
1.8449999999999718  0.844999999999993  1.0  
1.8474999999999717  0.8474999999999929  1.0  
1.8499999999999717  0.8499999999999929  1.0  
1.8524999999999716  0.8524999999999928  1.0  
1.8549999999999716  0.8549999999999928  1.0  
1.8574999999999715  0.8574999999999927  1.0  
1.8599999999999715  0.8599999999999927  1.0  
1.8624999999999714  0.8624999999999926  1.0  
1.8649999999999713  0.8649999999999926  1.0  
1.8674999999999713  0.8674999999999925  1.0  
1.8699999999999712  0.8699999999999924  1.0  
1.8724999999999712  0.8724999999999924  1.0  
1.8749999999999711  0.8749999999999923  1.0  
1.877499999999971  0.8774999999999923  1.0  
1.879999999999971  0.8799999999999922  1.0  
1.882499999999971  0.8824999999999922  1.0  
1.884999999999971  0.8849999999999921  1.0  
1.8874999999999709  0.8874999999999921  1.0  
1.8899999999999708  0.889999999999992  1.0  
1.8924999999999708  0.892499999999992  1.0  
1.8949999999999707  0.8949999999999919  1.0  
1.8974999999999707  0.8974999999999919  1.0  
1.8999999999999706  0.8999999999999918  1.0  
1.9024999999999705  0.9024999999999918  1.0  
1.9049999999999705  0.9049999999999917  1.0  
1.9074999999999704  0.9074999999999916  1.0  
1.9099999999999704  0.9099999999999916  1.0  
1.9124999999999703  0.9124999999999915  1.0  
1.9149999999999703  0.9149999999999915  1.0  
1.9174999999999702  0.9174999999999914  1.0  
1.9199999999999702  0.9199999999999914  1.0  
1.9224999999999701  0.9224999999999913  1.0  
1.92499999999997  0.9249999999999913  1.0  
1.92749999999997  0.9274999999999912  1.0  
1.92999999999997  0.9299999999999912  1.0  
1.93249999999997  0.9324999999999911  1.0  
1.9349999999999699  0.9349999999999911  1.0  
1.9374999999999698  0.937499999999991  1.0  
1.9399999999999697  0.939999999999991  1.0  
1.9424999999999697  0.9424999999999909  1.0  
1.9449999999999696  0.9449999999999908  1.0  
1.9474999999999696  0.9474999999999908  1.0  
1.9499999999999695  0.9499999999999907  1.0  
1.9524999999999695  0.9524999999999907  1.0  
1.9549999999999694  0.9549999999999906  1.0  
1.9574999999999694  0.9574999999999906  1.0  
1.9599999999999693  0.9599999999999905  1.0  
1.9624999999999693  0.9624999999999905  1.0  
1.9649999999999692  0.9649999999999904  1.0  
1.9674999999999692  0.9674999999999904  1.0  
1.969999999999969  0.9699999999999903  1.0  
1.972499999999969  0.9724999999999903  1.0  
1.974999999999969  0.9749999999999902  1.0  
1.977499999999969  0.9774999999999902  1.0  
1.979999999999969  0.9799999999999901  1.0  
1.9824999999999688  0.98249999999999  1.0  
1.9849999999999688  0.98499999999999  1.0  
1.9874999999999687  0.9874999999999899  1.0  
1.9899999999999687  0.9899999999999899  1.0  
1.9924999999999686  0.9924999999999898  1.0  
1.9949999999999686  0.9949999999999898  1.0  
1.9974999999999685  0.9974999999999897  1.0  
1.9999999999999685  0.9999999999999897  1.0  
2.0024999999999684  0.9974999999999897  -1.0  
2.0049999999999684  0.9949999999999898  -1.0  
2.0074999999999683  0.9924999999999898  -1.0  
2.0099999999999683  0.9899999999999899  -1.0  
2.012499999999968  0.9874999999999899  -1.0  
2.014999999999968  0.98499999999999  -1.0  
2.017499999999968  0.98249999999999  -1.0  
2.019999999999968  0.9799999999999901  -1.0  
2.022499999999968  0.9774999999999902  -1.0  
2.024999999999968  0.9749999999999902  -1.0  
2.027499999999968  0.9724999999999903  -1.0  
2.029999999999968  0.9699999999999903  -1.0  
2.0324999999999678  0.9674999999999904  -1.0  
2.0349999999999677  0.9649999999999904  -1.0  
2.0374999999999677  0.9624999999999905  -1.0  
2.0399999999999676  0.9599999999999905  -1.0  
2.0424999999999676  0.9574999999999906  -1.0  
2.0449999999999675  0.9549999999999906  -1.0  
2.0474999999999675  0.9524999999999907  -1.0  
2.0499999999999674  0.9499999999999907  -1.0  
2.0524999999999674  0.9474999999999908  -1.0  
2.0549999999999673  0.9449999999999908  -1.0  
2.0574999999999672  0.9424999999999909  -1.0  
2.059999999999967  0.939999999999991  -1.0  
2.062499999999967  0.937499999999991  -1.0  
2.064999999999967  0.9349999999999911  -1.0  
2.067499999999967  0.9324999999999911  -1.0  
2.069999999999967  0.9299999999999912  -1.0  
2.072499999999967  0.9274999999999912  -1.0  
2.074999999999967  0.9249999999999913  -1.0  
2.077499999999967  0.9224999999999913  -1.0  
2.0799999999999668  0.9199999999999914  -1.0  
2.0824999999999667  0.9174999999999914  -1.0  
2.0849999999999667  0.9149999999999915  -1.0  
2.0874999999999666  0.9124999999999915  -1.0  
2.0899999999999666  0.9099999999999916  -1.0  
2.0924999999999665  0.9074999999999916  -1.0  
2.0949999999999664  0.9049999999999917  -1.0  
2.0974999999999664  0.9024999999999918  -1.0  
2.0999999999999663  0.8999999999999918  -1.0  
2.1024999999999663  0.8974999999999919  -1.0  
2.1049999999999662  0.8949999999999919  -1.0  
2.107499999999966  0.892499999999992  -1.0  
2.109999999999966  0.889999999999992  -1.0  
2.112499999999966  0.8874999999999921  -1.0  
2.114999999999966  0.8849999999999921  -1.0  
2.117499999999966  0.8824999999999922  -1.0  
2.119999999999966  0.8799999999999922  -1.0  
2.122499999999966  0.8774999999999923  -1.0  
2.124999999999966  0.8749999999999923  -1.0  
2.1274999999999658  0.8724999999999924  -1.0  
2.1299999999999657  0.8699999999999924  -1.0  
2.1324999999999656  0.8674999999999925  -1.0  
2.1349999999999656  0.8649999999999926  -1.0  
2.1374999999999655  0.8624999999999926  -1.0  
2.1399999999999655  0.8599999999999927  -1.0  
2.1424999999999654  0.8574999999999927  -1.0  
2.1449999999999654  0.8549999999999928  -1.0  
2.1474999999999653  0.8524999999999928  -1.0  
2.1499999999999653  0.8499999999999929  -1.0  
2.152499999999965  0.8474999999999929  -1.0  
2.154999999999965  0.844999999999993  -1.0  
2.157499999999965  0.842499999999993  -1.0  
2.159999999999965  0.8399999999999931  -1.0  
2.162499999999965  0.8374999999999931  -1.0  
2.164999999999965  0.8349999999999932  -1.0  
2.167499999999965  0.8324999999999932  -1.0  
2.169999999999965  0.8299999999999933  -1.0  
2.172499999999965  0.8274999999999934  -1.0  
2.1749999999999647  0.8249999999999934  -1.0  
2.1774999999999647  0.8224999999999935  -1.0  
2.1799999999999646  0.8199999999999935  -1.0  
2.1824999999999646  0.8174999999999936  -1.0  
2.1849999999999645  0.8149999999999936  -1.0  
2.1874999999999645  0.8124999999999937  -1.0  
2.1899999999999644  0.8099999999999937  -1.0  
2.1924999999999644  0.8074999999999938  -1.0  
2.1949999999999643  0.8049999999999938  -1.0  
2.1974999999999643  0.8024999999999939  -1.0  
2.199999999999964  0.7999999999999939  -1.0  
2.202499999999964  0.797499999999994  -1.0  
2.204999999999964  0.794999999999994  -1.0  
2.207499999999964  0.7924999999999941  -1.0  
2.209999999999964  0.7899999999999942  -1.0  
2.212499999999964  0.7874999999999942  -1.0  
2.214999999999964  0.7849999999999943  -1.0  
2.217499999999964  0.7824999999999943  -1.0  
2.219999999999964  0.7799999999999944  -1.0  
2.2224999999999637  0.7774999999999944  -1.0  
2.2249999999999637  0.7749999999999945  -1.0  
2.2274999999999636  0.7724999999999945  -1.0  
2.2299999999999636  0.7699999999999946  -1.0  
2.2324999999999635  0.7674999999999946  -1.0  
2.2349999999999635  0.7649999999999947  -1.0  
2.2374999999999634  0.7624999999999947  -1.0  
2.2399999999999634  0.7599999999999948  -1.0  
2.2424999999999633  0.7574999999999948  -1.0  
2.2449999999999632  0.7549999999999949  -1.0  
2.247499999999963  0.752499999999995  -1.0  
2.249999999999963  0.749999999999995  -1.0  
2.252499999999963  0.7474999999999951  -1.0  
2.254999999999963  0.7449999999999951  -1.0  
2.257499999999963  0.7424999999999952  -1.0  
2.259999999999963  0.7399999999999952  -1.0  
2.262499999999963  0.7374999999999953  -1.0  
2.264999999999963  0.7349999999999953  -1.0  
2.2674999999999628  0.7324999999999954  -1.0  
2.2699999999999627  0.7299999999999954  -1.0  
2.2724999999999627  0.7274999999999955  -1.0  
2.2749999999999626  0.7249999999999955  -1.0  
2.2774999999999626  0.7224999999999956  -1.0  
2.2799999999999625  0.7199999999999956  -1.0  
2.2824999999999624  0.7174999999999957  -1.0  
2.2849999999999624  0.7149999999999958  -1.0  
2.2874999999999623  0.7124999999999958  -1.0  
2.2899999999999623  0.7099999999999959  -1.0  
2.2924999999999622  0.7074999999999959  -1.0  
2.294999999999962  0.704999999999996  -1.0  
2.297499999999962  0.702499999999996  -1.0  
2.299999999999962  0.6999999999999961  -1.0  
2.302499999999962  0.6974999999999961  -1.0  
2.304999999999962  0.6949999999999962  -1.0  
2.307499999999962  0.6924999999999962  -1.0  
2.309999999999962  0.6899999999999963  -1.0  
2.312499999999962  0.6874999999999963  -1.0  
2.3149999999999618  0.6849999999999964  -1.0  
2.3174999999999617  0.6824999999999964  -1.0  
2.3199999999999616  0.6799999999999965  -1.0  
2.3224999999999616  0.6774999999999965  -1.0  
2.3249999999999615  0.6749999999999966  -1.0  
2.3274999999999615  0.6724999999999967  -1.0  
2.3299999999999614  0.6699999999999967  -1.0  
2.3324999999999614  0.6674999999999968  -1.0  
2.3349999999999613  0.6649999999999968  -1.0  
2.3374999999999613  0.6624999999999969  -1.0  
2.3399999999999612  0.6599999999999969  -1.0  
2.342499999999961  0.657499999999997  -1.0  
2.344999999999961  0.654999999999997  -1.0  
2.347499999999961  0.6524999999999971  -1.0  
2.349999999999961  0.6499999999999971  -1.0  
2.352499999999961  0.6474999999999972  -1.0  
2.354999999999961  0.6449999999999972  -1.0  
2.357499999999961  0.6424999999999973  -1.0  
2.359999999999961  0.6399999999999973  -1.0  
2.3624999999999607  0.6374999999999974  -1.0  
2.3649999999999607  0.6349999999999975  -1.0  
2.3674999999999606  0.6324999999999975  -1.0  
2.3699999999999606  0.6299999999999976  -1.0  
2.3724999999999605  0.6274999999999976  -1.0  
2.3749999999999605  0.6249999999999977  -1.0  
2.3774999999999604  0.6224999999999977  -1.0  
2.3799999999999604  0.6199999999999978  -1.0  
2.3824999999999603  0.6174999999999978  -1.0  
2.3849999999999603  0.6149999999999979  -1.0  
2.38749999999996  0.6124999999999979  -1.0  
2.38999999999996  0.609999999999998  -1.0  
2.39249999999996  0.607499999999998  -1.0  
2.39499999999996  0.6049999999999981  -1.0  
2.39749999999996  0.6024999999999981  -1.0  
2.39999999999996  0.5999999999999982  -1.0  
2.40249999999996  0.5974999999999983  -1.0  
2.40499999999996  0.5949999999999983  -1.0  
2.40749999999996  0.5924999999999984  -1.0  
2.4099999999999597  0.5899999999999984  -1.0  
2.4124999999999597  0.5874999999999985  -1.0  
2.4149999999999596  0.5849999999999985  -1.0  
2.4174999999999596  0.5824999999999986  -1.0  
2.4199999999999595  0.5799999999999986  -1.0  
2.4224999999999595  0.5774999999999987  -1.0  
2.4249999999999594  0.5749999999999987  -1.0  
2.4274999999999594  0.5724999999999988  -1.0  
2.4299999999999593  0.5699999999999988  -1.0  
2.4324999999999593  0.5674999999999989  -1.0  
2.434999999999959  0.564999999999999  -1.0  
2.437499999999959  0.562499999999999  -1.0  
2.439999999999959  0.559999999999999  -1.0  
2.442499999999959  0.5574999999999991  -1.0  
2.444999999999959  0.5549999999999992  -1.0  
2.447499999999959  0.5524999999999992  -1.0  
2.449999999999959  0.5499999999999993  -1.0  
2.452499999999959  0.5474999999999993  -1.0  
2.4549999999999588  0.5449999999999994  -1.0  
2.4574999999999587  0.5424999999999994  -1.0  
2.4599999999999587  0.5399999999999995  -1.0  
2.4624999999999586  0.5374999999999995  -1.0  
2.4649999999999586  0.5349999999999996  -1.0  
2.4674999999999585  0.5324999999999996  -1.0  
2.4699999999999585  0.5299999999999997  -1.0  
2.4724999999999584  0.5274999999999997  -1.0  
2.4749999999999583  0.5249999999999998  -1.0  
2.4774999999999583  0.5224999999999999  -1.0  
2.4799999999999582  0.5199999999999999  -1.0  
2.482499999999958  0.5175  -1.0  
2.484999999999958  0.515  -1.0  
2.487499999999958  0.5125000000000001  -1.0  
2.489999999999958  0.5100000000000001  -1.0  
2.492499999999958  0.5075000000000002  -1.0  
2.494999999999958  0.5050000000000002  -1.0  
2.497499999999958  0.5025000000000003  -1.0  
2.499999999999958  0.5000000000000003  -1.0  
2.5024999999999578  0.49750000000000033  -1.0  
2.5049999999999577  0.49500000000000033  -1.0  
2.5074999999999577  0.4925000000000003  -1.0  
2.5099999999999576  0.4900000000000003  -1.0  
2.5124999999999575  0.4875000000000003  -1.0  
2.5149999999999575  0.4850000000000003  -1.0  
2.5174999999999574  0.4825000000000003  -1.0  
2.5199999999999574  0.4800000000000003  -1.0  
2.5224999999999573  0.4775000000000003  -1.0  
2.5249999999999573  0.4750000000000003  -1.0  
2.5274999999999572  0.4725000000000003  -1.0  
2.529999999999957  0.4700000000000003  -1.0  
2.532499999999957  0.4675000000000003  -1.0  
2.534999999999957  0.4650000000000003  -1.0  
2.537499999999957  0.4625000000000003  -1.0  
2.539999999999957  0.4600000000000003  -1.0  
2.542499999999957  0.4575000000000003  -1.0  
2.544999999999957  0.4550000000000003  -1.0  
2.547499999999957  0.4525000000000003  -1.0  
2.5499999999999567  0.4500000000000003  -1.0  
2.5524999999999567  0.4475000000000003  -1.0  
2.5549999999999566  0.4450000000000003  -1.0  
2.5574999999999566  0.4425000000000003  -1.0  
2.5599999999999565  0.4400000000000003  -1.0  
2.5624999999999565  0.4375000000000003  -1.0  
2.5649999999999564  0.4350000000000003  -1.0  
2.5674999999999564  0.4325000000000003  -1.0  
2.5699999999999563  0.43000000000000027  -1.0  
2.5724999999999563  0.42750000000000027  -1.0  
2.574999999999956  0.42500000000000027  -1.0  
2.577499999999956  0.42250000000000026  -1.0  
2.579999999999956  0.42000000000000026  -1.0  
2.582499999999956  0.41750000000000026  -1.0  
2.584999999999956  0.41500000000000026  -1.0  
2.587499999999956  0.41250000000000026  -1.0  
2.589999999999956  0.41000000000000025  -1.0  
2.592499999999956  0.40750000000000025  -1.0  
2.594999999999956  0.40500000000000025  -1.0  
2.5974999999999557  0.40250000000000025  -1.0  
2.5999999999999557  0.40000000000000024  -1.0  
2.6024999999999556  0.39750000000000024  -1.0  
2.6049999999999556  0.39500000000000024  -1.0  
2.6074999999999555  0.39250000000000024  -1.0  
2.6099999999999555  0.39000000000000024  -1.0  
2.6124999999999554  0.38750000000000023  -1.0  
2.6149999999999554  0.38500000000000023  -1.0  
2.6174999999999553  0.38250000000000023  -1.0  
2.6199999999999553  0.3800000000000002  -1.0  
2.622499999999955  0.3775000000000002  -1.0  
2.624999999999955  0.3750000000000002  -1.0  
2.627499999999955  0.3725000000000002  -1.0  
2.629999999999955  0.3700000000000002  -1.0  
2.632499999999955  0.3675000000000002  -1.0  
2.634999999999955  0.3650000000000002  -1.0  
2.637499999999955  0.3625000000000002  -1.0  
2.639999999999955  0.3600000000000002  -1.0  
2.6424999999999548  0.3575000000000002  -1.0  
2.6449999999999547  0.3550000000000002  -1.0  
2.6474999999999547  0.3525000000000002  -1.0  
2.6499999999999546  0.3500000000000002  -1.0  
2.6524999999999546  0.3475000000000002  -1.0  
2.6549999999999545  0.3450000000000002  -1.0  
2.6574999999999545  0.3425000000000002  -1.0  
2.6599999999999544  0.3400000000000002  -1.0  
2.6624999999999543  0.3375000000000002  -1.0  
2.6649999999999543  0.3350000000000002  -1.0  
2.6674999999999542  0.3325000000000002  -1.0  
2.669999999999954  0.3300000000000002  -1.0  
2.672499999999954  0.3275000000000002  -1.0  
2.674999999999954  0.3250000000000002  -1.0  
2.677499999999954  0.3225000000000002  -1.0  
2.679999999999954  0.3200000000000002  -1.0  
2.682499999999954  0.31750000000000017  -1.0  
2.684999999999954  0.31500000000000017  -1.0  
2.687499999999954  0.31250000000000017  -1.0  
2.6899999999999538  0.31000000000000016  -1.0  
2.6924999999999537  0.30750000000000016  -1.0  
2.6949999999999537  0.30500000000000016  -1.0  
2.6974999999999536  0.30250000000000016  -1.0  
2.6999999999999535  0.30000000000000016  -1.0  
2.7024999999999535  0.29750000000000015  -1.0  
2.7049999999999534  0.29500000000000015  -1.0  
2.7074999999999534  0.29250000000000015  -1.0  
2.7099999999999533  0.29000000000000015  -1.0  
2.7124999999999533  0.28750000000000014  -1.0  
2.7149999999999532  0.28500000000000014  -1.0  
2.717499999999953  0.28250000000000014  -1.0  
2.719999999999953  0.28000000000000014  -1.0  
2.722499999999953  0.27750000000000014  -1.0  
2.724999999999953  0.27500000000000013  -1.0  
2.727499999999953  0.27250000000000013  -1.0  
2.729999999999953  0.27000000000000013  -1.0  
2.732499999999953  0.2675000000000001  -1.0  
2.734999999999953  0.2650000000000001  -1.0  
2.7374999999999527  0.2625000000000001  -1.0  
2.7399999999999527  0.2600000000000001  -1.0  
2.7424999999999526  0.2575000000000001  -1.0  
2.7449999999999526  0.2550000000000001  -1.0  
2.7474999999999525  0.2525000000000001  -1.0  
2.7499999999999525  0.2500000000000001  -1.0  
2.7524999999999524  0.2475000000000001  -1.0  
2.7549999999999524  0.2450000000000001  -1.0  
2.7574999999999523  0.2425000000000001  -1.0  
2.7599999999999523  0.2400000000000001  -1.0  
2.762499999999952  0.2375000000000001  -1.0  
2.764999999999952  0.2350000000000001  -1.0  
2.767499999999952  0.2325000000000001  -1.0  
2.769999999999952  0.2300000000000001  -1.0  
2.772499999999952  0.2275000000000001  -1.0  
2.774999999999952  0.2250000000000001  -1.0  
2.777499999999952  0.2225000000000001  -1.0  
2.779999999999952  0.22000000000000008  -1.0  
2.782499999999952  0.21750000000000008  -1.0  
2.7849999999999517  0.21500000000000008  -1.0  
2.7874999999999517  0.21250000000000008  -1.0  
2.7899999999999516  0.21000000000000008  -1.0  
2.7924999999999516  0.20750000000000007  -1.0  
2.7949999999999515  0.20500000000000007  -1.0  
2.7974999999999515  0.20250000000000007  -1.0  
2.7999999999999514  0.20000000000000007  -1.0  
2.8024999999999514  0.19750000000000006  -1.0  
2.8049999999999513  0.19500000000000006  -1.0  
2.8074999999999513  0.19250000000000006  -1.0  
2.809999999999951  0.19000000000000006  -1.0  
2.812499999999951  0.18750000000000006  -1.0  
2.814999999999951  0.18500000000000005  -1.0  
2.817499999999951  0.18250000000000005  -1.0  
2.819999999999951  0.18000000000000005  -1.0  
2.822499999999951  0.17750000000000005  -1.0  
2.824999999999951  0.17500000000000004  -1.0  
2.827499999999951  0.17250000000000004  -1.0  
2.8299999999999508  0.17000000000000004  -1.0  
2.8324999999999507  0.16750000000000004  -1.0  
2.8349999999999507  0.16500000000000004  -1.0  
2.8374999999999506  0.16250000000000003  -1.0  
2.8399999999999506  0.16000000000000003  -1.0  
2.8424999999999505  0.15750000000000003  -1.0  
2.8449999999999505  0.15500000000000003  -1.0  
2.8474999999999504  0.15250000000000002  -1.0  
2.8499999999999504  0.15000000000000002  -1.0  
2.8524999999999503  0.14750000000000002  -1.0  
2.8549999999999502  0.14500000000000002  -1.0  
2.85749999999995  0.14250000000000002  -1.0  
2.85999999999995  0.14  -1.0  
2.86249999999995  0.1375  -1.0  
2.86499999999995  0.135  -1.0  
2.86749999999995  0.1325  -1.0  
2.86999999999995  0.13  -1.0  
2.87249999999995  0.1275  -1.0  
2.87499999999995  0.125  -1.0  
2.8774999999999498  0.1225  -1.0  
2.8799999999999497  0.12  -1.0  
2.8824999999999497  0.1175  -1.0  
2.8849999999999496  0.11499999999999999  -1.0  
2.8874999999999496  0.11249999999999999  -1.0  
2.8899999999999495  0.10999999999999999  -1.0  
2.8924999999999494  0.10749999999999998  -1.0  
2.8949999999999494  0.10499999999999998  -1.0  
2.8974999999999493  0.10249999999999998  -1.0  
2.8999999999999493  0.09999999999999998  -1.0  
2.9024999999999492  0.09749999999999998  -1.0  
2.904999999999949  0.09499999999999997  -1.0  
2.907499999999949  0.09249999999999997  -1.0  
2.909999999999949  0.08999999999999997  -1.0  
2.912499999999949  0.08749999999999997  -1.0  
2.914999999999949  0.08499999999999996  -1.0  
2.917499999999949  0.08249999999999996  -1.0  
2.919999999999949  0.07999999999999996  -1.0  
2.922499999999949  0.07749999999999996  -1.0  
2.9249999999999488  0.07499999999999996  -1.0  
2.9274999999999487  0.07249999999999995  -1.0  
2.9299999999999486  0.06999999999999995  -1.0  
2.9324999999999486  0.06749999999999995  -1.0  
2.9349999999999485  0.06499999999999995  -1.0  
2.9374999999999485  0.062499999999999944  -1.0  
2.9399999999999484  0.05999999999999994  -1.0  
2.9424999999999484  0.05749999999999994  -1.0  
2.9449999999999483  0.05499999999999994  -1.0  
2.9474999999999483  0.052499999999999936  -1.0  
2.949999999999948  0.04999999999999993  -1.0  
2.952499999999948  0.04749999999999993  -1.0  
2.954999999999948  0.04499999999999993  -1.0  
2.957499999999948  0.04249999999999993  -1.0  
2.959999999999948  0.039999999999999925  -1.0  
2.962499999999948  0.03749999999999992  -1.0  
2.964999999999948  0.03499999999999992  -1.0  
2.967499999999948  0.03249999999999992  -1.0  
2.969999999999948  0.02999999999999992  -1.0  
2.9724999999999477  0.02749999999999992  -1.0  
2.9749999999999477  0.02499999999999992  -1.0  
2.9774999999999476  0.022499999999999923  -1.0  
2.9799999999999476  0.019999999999999924  -1.0  
2.9824999999999475  0.017499999999999925  -1.0  
2.9849999999999475  0.014999999999999925  -1.0  
2.9874999999999474  0.012499999999999924  -1.0  
2.9899999999999474  0.009999999999999924  -1.0  
2.9924999999999473  0.007499999999999923  -1.0  
2.9949999999999473  0.004999999999999923  -1.0  
2.997499999999947  0.002499999999999923  -1.0  
2.999999999999947  -7.719519468096792E-17  -1.0  
3.002499999999947  -7.719519468096792E-17  0.0  
3.004999999999947  -7.719519468096792E-17  0.0  
3.007499999999947  -7.719519468096792E-17  0.0  
3.009999999999947  -7.719519468096792E-17  0.0  
3.012499999999947  -7.719519468096792E-17  0.0  
3.014999999999947  -7.719519468096792E-17  0.0  
3.017499999999947  -7.719519468096792E-17  0.0  
3.0199999999999467  -7.719519468096792E-17  0.0  
3.0224999999999467  -7.719519468096792E-17  0.0  
3.0249999999999466  -7.719519468096792E-17  0.0  
3.0274999999999466  -7.719519468096792E-17  0.0  
3.0299999999999465  -7.719519468096792E-17  0.0  
3.0324999999999465  -7.719519468096792E-17  0.0  
3.0349999999999464  -7.719519468096792E-17  0.0  
3.0374999999999464  -7.719519468096792E-17  0.0  
3.0399999999999463  -7.719519468096792E-17  0.0  
3.0424999999999462  -7.719519468096792E-17  0.0  
3.044999999999946  -7.719519468096792E-17  0.0  
3.047499999999946  -7.719519468096792E-17  0.0  
3.049999999999946  -7.719519468096792E-17  0.0  
3.052499999999946  -7.719519468096792E-17  0.0  
3.054999999999946  -7.719519468096792E-17  0.0  
3.057499999999946  -7.719519468096792E-17  0.0  
3.059999999999946  -7.719519468096792E-17  0.0  
3.062499999999946  -7.719519468096792E-17  0.0  
3.0649999999999458  -7.719519468096792E-17  0.0  
3.0674999999999457  -7.719519468096792E-17  0.0  
3.0699999999999457  -7.719519468096792E-17  0.0  
3.0724999999999456  -7.719519468096792E-17  0.0  
3.0749999999999456  -7.719519468096792E-17  0.0  
3.0774999999999455  -7.719519468096792E-17  0.0  
3.0799999999999454  -7.719519468096792E-17  0.0  
3.0824999999999454  -7.719519468096792E-17  0.0  
3.0849999999999453  -7.719519468096792E-17  0.0  
3.0874999999999453  -7.719519468096792E-17  0.0  
3.0899999999999452  -7.719519468096792E-17  0.0  
3.092499999999945  -7.719519468096792E-17  0.0  
3.094999999999945  -7.719519468096792E-17  0.0  
3.097499999999945  -7.719519468096792E-17  0.0  
3.099999999999945  -7.719519468096792E-17  0.0  
3.102499999999945  -7.719519468096792E-17  0.0  
3.104999999999945  -7.719519468096792E-17  0.0  
3.107499999999945  -7.719519468096792E-17  0.0  
3.109999999999945  -7.719519468096792E-17  0.0  
3.1124999999999448  -7.719519468096792E-17  0.0  
3.1149999999999447  -7.719519468096792E-17  0.0  
3.1174999999999446  -7.719519468096792E-17  0.0  
3.1199999999999446  -7.719519468096792E-17  0.0  
3.1224999999999445  -7.719519468096792E-17  0.0  
3.1249999999999445  -7.719519468096792E-17  0.0  
3.1274999999999444  -7.719519468096792E-17  0.0  
3.1299999999999444  -7.719519468096792E-17  0.0  
3.1324999999999443  -7.719519468096792E-17  0.0  
3.1349999999999443  -7.719519468096792E-17  0.0  
3.1374999999999442  -7.719519468096792E-17  0.0  
3.139999999999944  -7.719519468096792E-17  0.0  
3.142499999999944  -7.719519468096792E-17  0.0  
3.144999999999944  -7.719519468096792E-17  0.0  
3.147499999999944  -7.719519468096792E-17  0.0  
3.149999999999944  -7.719519468096792E-17  0.0  
3.152499999999944  -7.719519468096792E-17  0.0  
3.154999999999944  -7.719519468096792E-17  0.0  
3.157499999999944  -7.719519468096792E-17  0.0  
3.1599999999999437  -7.719519468096792E-17  0.0  
3.1624999999999437  -7.719519468096792E-17  0.0  
3.1649999999999436  -7.719519468096792E-17  0.0  
3.1674999999999436  -7.719519468096792E-17  0.0  
3.1699999999999435  -7.719519468096792E-17  0.0  
3.1724999999999435  -7.719519468096792E-17  0.0  
3.1749999999999434  -7.719519468096792E-17  0.0  
3.1774999999999434  -7.719519468096792E-17  0.0  
3.1799999999999433  -7.719519468096792E-17  0.0  
3.1824999999999433  -7.719519468096792E-17  0.0  
3.184999999999943  -7.719519468096792E-17  0.0  
3.187499999999943  -7.719519468096792E-17  0.0  
3.189999999999943  -7.719519468096792E-17  0.0  
3.192499999999943  -7.719519468096792E-17  0.0  
3.194999999999943  -7.719519468096792E-17  0.0  
3.197499999999943  -7.719519468096792E-17  0.0  
3.199999999999943  -7.719519468096792E-17  0.0  
3.202499999999943  -7.719519468096792E-17  0.0  
3.204999999999943  -7.719519468096792E-17  0.0  
3.2074999999999427  -7.719519468096792E-17  0.0  
3.2099999999999427  -7.719519468096792E-17  0.0  
3.2124999999999426  -7.719519468096792E-17  0.0  
3.2149999999999426  -7.719519468096792E-17  0.0  
3.2174999999999425  -7.719519468096792E-17  0.0  
3.2199999999999425  -7.719519468096792E-17  0.0  
3.2224999999999424  -7.719519468096792E-17  0.0  
3.2249999999999424  -7.719519468096792E-17  0.0  
3.2274999999999423  -7.719519468096792E-17  0.0  
3.2299999999999423  -7.719519468096792E-17  0.0  
3.232499999999942  -7.719519468096792E-17  0.0  
3.234999999999942  -7.719519468096792E-17  0.0  
3.237499999999942  -7.719519468096792E-17  0.0  
3.239999999999942  -7.719519468096792E-17  0.0  
3.242499999999942  -7.719519468096792E-17  0.0  
3.244999999999942  -7.719519468096792E-17  0.0  
3.247499999999942  -7.719519468096792E-17  0.0  
3.249999999999942  -7.719519468096792E-17  0.0  
3.2524999999999418  -7.719519468096792E-17  0.0  
3.2549999999999417  -7.719519468096792E-17  0.0  
3.2574999999999417  -7.719519468096792E-17  0.0  
3.2599999999999416  -7.719519468096792E-17  0.0  
3.2624999999999416  -7.719519468096792E-17  0.0  
3.2649999999999415  -7.719519468096792E-17  0.0  
3.2674999999999415  -7.719519468096792E-17  0.0  
3.2699999999999414  -7.719519468096792E-17  0.0  
3.2724999999999413  -7.719519468096792E-17  0.0  
3.2749999999999413  -7.719519468096792E-17  0.0  
3.2774999999999412  -7.719519468096792E-17  0.0  
3.279999999999941  -7.719519468096792E-17  0.0  
3.282499999999941  -7.719519468096792E-17  0.0  
3.284999999999941  -7.719519468096792E-17  0.0  
3.287499999999941  -7.719519468096792E-17  0.0  
3.289999999999941  -7.719519468096792E-17  0.0  
3.292499999999941  -7.719519468096792E-17  0.0  
3.294999999999941  -7.719519468096792E-17  0.0  
3.297499999999941  -7.719519468096792E-17  0.0  
3.2999999999999408  -7.719519468096792E-17  0.0  
3.3024999999999407  -7.719519468096792E-17  0.0  
3.3049999999999407  -7.719519468096792E-17  0.0  
3.3074999999999406  -7.719519468096792E-17  0.0  
3.3099999999999405  -7.719519468096792E-17  0.0  
3.3124999999999405  -7.719519468096792E-17  0.0  
3.3149999999999404  -7.719519468096792E-17  0.0  
3.3174999999999404  -7.719519468096792E-17  0.0  
3.3199999999999403  -7.719519468096792E-17  0.0  
3.3224999999999403  -7.719519468096792E-17  0.0  
3.3249999999999402  -7.719519468096792E-17  0.0  
3.32749999999994  -7.719519468096792E-17  0.0  
3.32999999999994  -7.719519468096792E-17  0.0  
3.33249999999994  -7.719519468096792E-17  0.0  
3.33499999999994  -7.719519468096792E-17  0.0  
3.33749999999994  -7.719519468096792E-17  0.0  
3.33999999999994  -7.719519468096792E-17  0.0  
3.34249999999994  -7.719519468096792E-17  0.0  
3.34499999999994  -7.719519468096792E-17  0.0  
3.3474999999999397  -7.719519468096792E-17  0.0  
3.3499999999999397  -7.719519468096792E-17  0.0  
3.3524999999999396  -7.719519468096792E-17  0.0  
3.3549999999999396  -7.719519468096792E-17  0.0  
3.3574999999999395  -7.719519468096792E-17  0.0  
3.3599999999999395  -7.719519468096792E-17  0.0  
3.3624999999999394  -7.719519468096792E-17  0.0  
3.3649999999999394  -7.719519468096792E-17  0.0  
3.3674999999999393  -7.719519468096792E-17  0.0  
3.3699999999999393  -7.719519468096792E-17  0.0  
3.372499999999939  -7.719519468096792E-17  0.0  
3.374999999999939  -7.719519468096792E-17  0.0  
3.377499999999939  -7.719519468096792E-17  0.0  
3.379999999999939  -7.719519468096792E-17  0.0  
3.382499999999939  -7.719519468096792E-17  0.0  
3.384999999999939  -7.719519468096792E-17  0.0  
3.387499999999939  -7.719519468096792E-17  0.0  
3.389999999999939  -7.719519468096792E-17  0.0  
3.392499999999939  -7.719519468096792E-17  0.0  
3.3949999999999387  -7.719519468096792E-17  0.0  
3.3974999999999387  -7.719519468096792E-17  0.0  
3.3999999999999386  -7.719519468096792E-17  0.0  
3.4024999999999386  -7.719519468096792E-17  0.0  
3.4049999999999385  -7.719519468096792E-17  0.0  
3.4074999999999385  -7.719519468096792E-17  0.0  
3.4099999999999384  -7.719519468096792E-17  0.0  
3.4124999999999384  -7.719519468096792E-17  0.0  
3.4149999999999383  -7.719519468096792E-17  0.0  
3.4174999999999383  -7.719519468096792E-17  0.0  
3.419999999999938  -7.719519468096792E-17  0.0  
3.422499999999938  -7.719519468096792E-17  0.0  
3.424999999999938  -7.719519468096792E-17  0.0  
3.427499999999938  -7.719519468096792E-17  0.0  
3.429999999999938  -7.719519468096792E-17  0.0  
3.432499999999938  -7.719519468096792E-17  0.0  
3.434999999999938  -7.719519468096792E-17  0.0  
3.437499999999938  -7.719519468096792E-17  0.0  
3.4399999999999378  -7.719519468096792E-17  0.0  
3.4424999999999377  -7.719519468096792E-17  0.0  
3.4449999999999377  -7.719519468096792E-17  0.0  
3.4474999999999376  -7.719519468096792E-17  0.0  
3.4499999999999376  -7.719519468096792E-17  0.0  
3.4524999999999375  -7.719519468096792E-17  0.0  
3.4549999999999375  -7.719519468096792E-17  0.0  
3.4574999999999374  -7.719519468096792E-17  0.0  
3.4599999999999373  -7.719519468096792E-17  0.0  
3.4624999999999373  -7.719519468096792E-17  0.0  
3.4649999999999372  -7.719519468096792E-17  0.0  
3.467499999999937  -7.719519468096792E-17  0.0  
3.469999999999937  -7.719519468096792E-17  0.0  
3.472499999999937  -7.719519468096792E-17  0.0  
3.474999999999937  -7.719519468096792E-17  0.0  
3.477499999999937  -7.719519468096792E-17  0.0  
3.479999999999937  -7.719519468096792E-17  0.0  
3.482499999999937  -7.719519468096792E-17  0.0  
3.484999999999937  -7.719519468096792E-17  0.0  
3.4874999999999368  -7.719519468096792E-17  0.0  
3.4899999999999367  -7.719519468096792E-17  0.0  
3.4924999999999367  -7.719519468096792E-17  0.0  
3.4949999999999366  -7.719519468096792E-17  0.0  
3.4974999999999365  -7.719519468096792E-17  0.0  
3.4999999999999365  -7.719519468096792E-17  0.0  
3.5024999999999364  -7.719519468096792E-17  0.0  
3.5049999999999364  -7.719519468096792E-17  0.0  
3.5074999999999363  -7.719519468096792E-17  0.0  
3.5099999999999363  -7.719519468096792E-17  0.0  
3.5124999999999362  -7.719519468096792E-17  0.0  
3.514999999999936  -7.719519468096792E-17  0.0  
3.517499999999936  -7.719519468096792E-17  0.0  
3.519999999999936  -7.719519468096792E-17  0.0  
3.522499999999936  -7.719519468096792E-17  0.0  
3.524999999999936  -7.719519468096792E-17  0.0  
3.527499999999936  -7.719519468096792E-17  0.0  
3.529999999999936  -7.719519468096792E-17  0.0  
3.532499999999936  -7.719519468096792E-17  0.0  
3.5349999999999357  -7.719519468096792E-17  0.0  
3.5374999999999357  -7.719519468096792E-17  0.0  
3.5399999999999356  -7.719519468096792E-17  0.0  
3.5424999999999356  -7.719519468096792E-17  0.0  
3.5449999999999355  -7.719519468096792E-17  0.0  
3.5474999999999355  -7.719519468096792E-17  0.0  
3.5499999999999354  -7.719519468096792E-17  0.0  
3.5524999999999354  -7.719519468096792E-17  0.0  
3.5549999999999353  -7.719519468096792E-17  0.0  
3.5574999999999353  -7.719519468096792E-17  0.0  
3.559999999999935  -7.719519468096792E-17  0.0  
3.562499999999935  -7.719519468096792E-17  0.0  
3.564999999999935  -7.719519468096792E-17  0.0  
3.567499999999935  -7.719519468096792E-17  0.0  
3.569999999999935  -7.719519468096792E-17  0.0  
3.572499999999935  -7.719519468096792E-17  0.0  
3.574999999999935  -7.719519468096792E-17  0.0  
3.577499999999935  -7.719519468096792E-17  0.0  
3.579999999999935  -7.719519468096792E-17  0.0  
3.5824999999999347  -7.719519468096792E-17  0.0  
3.5849999999999347  -7.719519468096792E-17  0.0  
3.5874999999999346  -7.719519468096792E-17  0.0  
3.5899999999999346  -7.719519468096792E-17  0.0  
3.5924999999999345  -7.719519468096792E-17  0.0  
3.5949999999999345  -7.719519468096792E-17  0.0  
3.5974999999999344  -7.719519468096792E-17  0.0  
3.5999999999999344  -7.719519468096792E-17  0.0  
3.6024999999999343  -7.719519468096792E-17  0.0  
3.6049999999999343  -7.719519468096792E-17  0.0  
3.607499999999934  -7.719519468096792E-17  0.0  
3.609999999999934  -7.719519468096792E-17  0.0  
3.612499999999934  -7.719519468096792E-17  0.0  
3.614999999999934  -7.719519468096792E-17  0.0  
3.617499999999934  -7.719519468096792E-17  0.0  
3.619999999999934  -7.719519468096792E-17  0.0  
3.622499999999934  -7.719519468096792E-17  0.0  
3.624999999999934  -7.719519468096792E-17  0.0  
3.6274999999999338  -7.719519468096792E-17  0.0  
3.6299999999999337  -7.719519468096792E-17  0.0  
3.6324999999999337  -7.719519468096792E-17  0.0  
3.6349999999999336  -7.719519468096792E-17  0.0  
3.6374999999999336  -7.719519468096792E-17  0.0  
3.6399999999999335  -7.719519468096792E-17  0.0  
3.6424999999999335  -7.719519468096792E-17  0.0  
3.6449999999999334  -7.719519468096792E-17  0.0  
3.6474999999999334  -7.719519468096792E-17  0.0  
3.6499999999999333  -7.719519468096792E-17  0.0  
3.6524999999999332  -7.719519468096792E-17  0.0  
3.654999999999933  -7.719519468096792E-17  0.0  
3.657499999999933  -7.719519468096792E-17  0.0  
3.659999999999933  -7.719519468096792E-17  0.0  
3.662499999999933  -7.719519468096792E-17  0.0  
3.664999999999933  -7.719519468096792E-17  0.0  
3.667499999999933  -7.719519468096792E-17  0.0  
3.669999999999933  -7.719519468096792E-17  0.0  
3.672499999999933  -7.719519468096792E-17  0.0  
3.6749999999999328  -7.719519468096792E-17  0.0  
3.6774999999999327  -7.719519468096792E-17  0.0  
3.6799999999999327  -7.719519468096792E-17  0.0  
3.6824999999999326  -7.719519468096792E-17  0.0  
3.6849999999999326  -7.719519468096792E-17  0.0  
3.6874999999999325  -7.719519468096792E-17  0.0  
3.6899999999999324  -7.719519468096792E-17  0.0  
3.6924999999999324  -7.719519468096792E-17  0.0  
3.6949999999999323  -7.719519468096792E-17  0.0  
3.6974999999999323  -7.719519468096792E-17  0.0  
3.6999999999999322  -7.719519468096792E-17  0.0  
3.702499999999932  -7.719519468096792E-17  0.0  
3.704999999999932  -7.719519468096792E-17  0.0  
3.707499999999932  -7.719519468096792E-17  0.0  
3.709999999999932  -7.719519468096792E-17  0.0  
3.712499999999932  -7.719519468096792E-17  0.0  
3.714999999999932  -7.719519468096792E-17  0.0  
3.717499999999932  -7.719519468096792E-17  0.0  
3.719999999999932  -7.719519468096792E-17  0.0  
3.7224999999999318  -7.719519468096792E-17  0.0  
3.7249999999999317  -7.719519468096792E-17  0.0  
3.7274999999999316  -7.719519468096792E-17  0.0  
3.7299999999999316  -7.719519468096792E-17  0.0  
3.7324999999999315  -7.719519468096792E-17  0.0  
3.7349999999999315  -7.719519468096792E-17  0.0  
3.7374999999999314  -7.719519468096792E-17  0.0  
3.7399999999999314  -7.719519468096792E-17  0.0  
3.7424999999999313  -7.719519468096792E-17  0.0  
3.7449999999999313  -7.719519468096792E-17  0.0  
3.747499999999931  -7.719519468096792E-17  0.0  
3.749999999999931  -7.719519468096792E-17  0.0  
3.752499999999931  -7.719519468096792E-17  0.0  
3.754999999999931  -7.719519468096792E-17  0.0  
3.757499999999931  -7.719519468096792E-17  0.0  
3.759999999999931  -7.719519468096792E-17  0.0  
3.762499999999931  -7.719519468096792E-17  0.0  
3.764999999999931  -7.719519468096792E-17  0.0  
3.767499999999931  -7.719519468096792E-17  0.0  
3.7699999999999307  -7.719519468096792E-17  0.0  
3.7724999999999307  -7.719519468096792E-17  0.0  
3.7749999999999306  -7.719519468096792E-17  0.0  
3.7774999999999306  -7.719519468096792E-17  0.0  
3.7799999999999305  -7.719519468096792E-17  0.0  
3.7824999999999305  -7.719519468096792E-17  0.0  
3.7849999999999304  -7.719519468096792E-17  0.0  
3.7874999999999304  -7.719519468096792E-17  0.0  
3.7899999999999303  -7.719519468096792E-17  0.0  
3.7924999999999303  -7.719519468096792E-17  0.0  
3.79499999999993  -7.719519468096792E-17  0.0  
3.79749999999993  -7.719519468096792E-17  0.0  
3.79999999999993  -7.719519468096792E-17  0.0  
3.80249999999993  -7.719519468096792E-17  0.0  
3.80499999999993  -7.719519468096792E-17  0.0  
3.80749999999993  -7.719519468096792E-17  0.0  
3.80999999999993  -7.719519468096792E-17  0.0  
3.81249999999993  -7.719519468096792E-17  0.0  
3.81499999999993  -7.719519468096792E-17  0.0  
3.8174999999999297  -7.719519468096792E-17  0.0  
3.8199999999999297  -7.719519468096792E-17  0.0  
3.8224999999999296  -7.719519468096792E-17  0.0  
3.8249999999999296  -7.719519468096792E-17  0.0  
3.8274999999999295  -7.719519468096792E-17  0.0  
3.8299999999999295  -7.719519468096792E-17  0.0  
3.8324999999999294  -7.719519468096792E-17  0.0  
3.8349999999999294  -7.719519468096792E-17  0.0  
3.8374999999999293  -7.719519468096792E-17  0.0  
3.8399999999999292  -7.719519468096792E-17  0.0  
3.842499999999929  -7.719519468096792E-17  0.0  
3.844999999999929  -7.719519468096792E-17  0.0  
3.847499999999929  -7.719519468096792E-17  0.0  
3.849999999999929  -7.719519468096792E-17  0.0  
3.852499999999929  -7.719519468096792E-17  0.0  
3.854999999999929  -7.719519468096792E-17  0.0  
3.857499999999929  -7.719519468096792E-17  0.0  
3.859999999999929  -7.719519468096792E-17  0.0  
3.8624999999999288  -7.719519468096792E-17  0.0  
3.8649999999999287  -7.719519468096792E-17  0.0  
3.8674999999999287  -7.719519468096792E-17  0.0  
3.8699999999999286  -7.719519468096792E-17  0.0  
3.8724999999999286  -7.719519468096792E-17  0.0  
3.8749999999999285  -7.719519468096792E-17  0.0  
3.8774999999999284  -7.719519468096792E-17  0.0  
3.8799999999999284  -7.719519468096792E-17  0.0  
3.8824999999999283  -7.719519468096792E-17  0.0  
3.8849999999999283  -7.719519468096792E-17  0.0  
3.8874999999999282  -7.719519468096792E-17  0.0  
3.889999999999928  -7.719519468096792E-17  0.0  
3.892499999999928  -7.719519468096792E-17  0.0  
3.894999999999928  -7.719519468096792E-17  0.0  
3.897499999999928  -7.719519468096792E-17  0.0  
3.899999999999928  -7.719519468096792E-17  0.0  
3.902499999999928  -7.719519468096792E-17  0.0  
3.904999999999928  -7.719519468096792E-17  0.0  
3.907499999999928  -7.719519468096792E-17  0.0  
3.9099999999999278  -7.719519468096792E-17  0.0  
3.9124999999999277  -7.719519468096792E-17  0.0  
3.9149999999999276  -7.719519468096792E-17  0.0  
3.9174999999999276  -7.719519468096792E-17  0.0  
3.9199999999999275  -7.719519468096792E-17  0.0  
3.9224999999999275  -7.719519468096792E-17  0.0  
3.9249999999999274  -7.719519468096792E-17  0.0  
3.9274999999999274  -7.719519468096792E-17  0.0  
3.9299999999999273  -7.719519468096792E-17  0.0  
3.9324999999999273  -7.719519468096792E-17  0.0  
3.9349999999999272  -7.719519468096792E-17  0.0  
3.937499999999927  -7.719519468096792E-17  0.0  
3.939999999999927  -7.719519468096792E-17  0.0  
3.942499999999927  -7.719519468096792E-17  0.0  
3.944999999999927  -7.719519468096792E-17  0.0  
3.947499999999927  -7.719519468096792E-17  0.0  
3.949999999999927  -7.719519468096792E-17  0.0  
3.952499999999927  -7.719519468096792E-17  0.0  
3.954999999999927  -7.719519468096792E-17  0.0  
3.9574999999999267  -7.719519468096792E-17  0.0  
3.9599999999999267  -7.719519468096792E-17  0.0  
3.9624999999999266  -7.719519468096792E-17  0.0  
3.9649999999999266  -7.719519468096792E-17  0.0  
3.9674999999999265  -7.719519468096792E-17  0.0  
3.9699999999999265  -7.719519468096792E-17  0.0  
3.9724999999999264  -7.719519468096792E-17  0.0  
3.9749999999999264  -7.719519468096792E-17  0.0  
3.9774999999999263  -7.719519468096792E-17  0.0  
3.9799999999999263  -7.719519468096792E-17  0.0  
3.982499999999926  -7.719519468096792E-17  0.0  
3.984999999999926  -7.719519468096792E-17  0.0  
3.987499999999926  -7.719519468096792E-17  0.0  
3.989999999999926  -7.719519468096792E-17  0.0  
3.992499999999926  -7.719519468096792E-17  0.0  
3.994999999999926  -7.719519468096792E-17  0.0  
3.997499999999926  -7.719519468096792E-17  0.0  
3.999999999999926  -7.719519468096792E-17  0.0  
