0.0  0.0  
0.0625  0.0  
0.125  0.0  
0.1875  0.0  
0.25  0.0  
0.3125  0.0  
0.375  0.0  
0.4375  0.0  
0.5  0.0  
0.5625  0.0  
0.625  0.0  
0.6875  0.0  
0.75  0.0  
0.8125  0.0  
0.875  0.0  
0.9375  0.0  
1.0  0.0  
1.0625  -0.001953125  
1.125  -0.00390625  
1.1875  -0.005859375  
1.25  -0.0078125  
1.3125  -0.009765625  
1.375  -0.01171875  
1.4375  -0.013671875  
1.5  -0.015625  
1.5625  -0.017578125  
1.625  -0.01953125  
1.6875  -0.021484375  
1.75  -0.0234375  
1.8125  -0.025390625  
1.875  -0.02734375  
1.9375  -0.029296875  
2.0  -0.03125  
2.0625  -0.029296875  
2.125  -0.02734375  
2.1875  -0.025390625  
2.25  -0.0234375  
2.3125  -0.021484375  
2.375  -0.01953125  
2.4375  -0.017578125  
2.5  -0.015625  
2.5625  -0.013671875  
2.625  -0.01171875  
2.6875  -0.009765625  
2.75  -0.0078125  
2.8125  -0.005859375  
2.875  -0.00390625  
2.9375  -0.001953125  
3.0  0.0  
3.0625  0.0  
3.125  0.0  
3.1875  0.0  
3.25  0.0  
3.3125  0.0  
3.375  0.0  
3.4375  0.0  
3.5  0.0  
3.5625  0.0  
3.625  0.0  
3.6875  0.0  
3.75  0.0  
3.8125  0.0  
3.875  0.0  
3.9375  0.0  
4.0  0.0  
