0.0  0.0  0.0  
0.0025  0.0  0.0  
0.005  0.0  0.0  
0.0075  0.0  0.0  
0.01  0.0  0.0  
0.0125  0.0  0.0  
0.015000000000000001  0.0  0.0  
0.0175  0.0  0.0  
0.02  0.0  0.0  
0.0225  0.0  0.0  
0.024999999999999998  0.0  0.0  
0.027499999999999997  0.0  0.0  
0.029999999999999995  0.0  0.0  
0.032499999999999994  0.0  0.0  
0.034999999999999996  0.0  0.0  
0.0375  0.0  0.0  
0.04  0.0  0.0  
0.0425  0.0  0.0  
0.045000000000000005  0.0  0.0  
0.04750000000000001  0.0  0.0  
0.05000000000000001  0.0  0.0  
0.05250000000000001  0.0  0.0  
0.055000000000000014  0.0  0.0  
0.057500000000000016  0.0  0.0  
0.06000000000000002  0.0  0.0  
0.06250000000000001  0.0  0.0  
0.06500000000000002  0.0  0.0  
0.06750000000000002  0.0  0.0  
0.07000000000000002  0.0  0.0  
0.07250000000000002  0.0  0.0  
0.07500000000000002  0.0  0.0  
0.07750000000000003  0.0  0.0  
0.08000000000000003  0.0  0.0  
0.08250000000000003  0.0  0.0  
0.08500000000000003  0.0  0.0  
0.08750000000000004  0.0  0.0  
0.09000000000000004  0.0  0.0  
0.09250000000000004  0.0  0.0  
0.09500000000000004  0.0  0.0  
0.09750000000000004  0.0  0.0  
0.10000000000000005  0.0  0.0  
0.10250000000000005  0.0  0.0  
0.10500000000000005  0.0  0.0  
0.10750000000000005  0.0  0.0  
0.11000000000000006  0.0  0.0  
0.11250000000000006  0.0  0.0  
0.11500000000000006  0.0  0.0  
0.11750000000000006  0.0  0.0  
0.12000000000000006  0.0  0.0  
0.12250000000000007  0.0  0.0  
0.12500000000000006  0.0  0.0  
0.12750000000000006  0.0  0.0  
0.13000000000000006  0.0  0.0  
0.13250000000000006  0.0  0.0  
0.13500000000000006  0.0  0.0  
0.13750000000000007  0.0  0.0  
0.14000000000000007  0.0  0.0  
0.14250000000000007  0.0  0.0  
0.14500000000000007  0.0  0.0  
0.14750000000000008  0.0  0.0  
0.15000000000000008  0.0  0.0  
0.15250000000000008  0.0  0.0  
0.15500000000000008  0.0  0.0  
0.15750000000000008  0.0  0.0  
0.1600000000000001  0.0  0.0  
0.1625000000000001  0.0  0.0  
0.1650000000000001  0.0  0.0  
0.1675000000000001  0.0  0.0  
0.1700000000000001  0.0  0.0  
0.1725000000000001  0.0  0.0  
0.1750000000000001  0.0  0.0  
0.1775000000000001  0.0  0.0  
0.1800000000000001  0.0  0.0  
0.1825000000000001  0.0  0.0  
0.1850000000000001  0.0  0.0  
0.1875000000000001  0.0  0.0  
0.1900000000000001  0.0  0.0  
0.19250000000000012  0.0  0.0  
0.19500000000000012  0.0  0.0  
0.19750000000000012  0.0  0.0  
0.20000000000000012  0.0  0.0  
0.20250000000000012  0.0  0.0  
0.20500000000000013  0.0  0.0  
0.20750000000000013  0.0  0.0  
0.21000000000000013  0.0  0.0  
0.21250000000000013  0.0  0.0  
0.21500000000000014  0.0  0.0  
0.21750000000000014  0.0  0.0  
0.22000000000000014  0.0  0.0  
0.22250000000000014  0.0  0.0  
0.22500000000000014  0.0  0.0  
0.22750000000000015  0.0  0.0  
0.23000000000000015  0.0  0.0  
0.23250000000000015  0.0  0.0  
0.23500000000000015  0.0  0.0  
0.23750000000000016  0.0  0.0  
0.24000000000000016  0.0  0.0  
0.24250000000000016  0.0  0.0  
0.24500000000000016  0.0  0.0  
0.24750000000000016  0.0  0.0  
0.25000000000000017  0.0  0.0  
0.25250000000000017  0.0  0.0  
0.25500000000000017  0.0  0.0  
0.2575000000000002  0.0  0.0  
0.2600000000000002  0.0  0.0  
0.2625000000000002  0.0  0.0  
0.2650000000000002  0.0  0.0  
0.2675000000000002  0.0  0.0  
0.2700000000000002  0.0  0.0  
0.2725000000000002  0.0  0.0  
0.2750000000000002  0.0  0.0  
0.2775000000000002  0.0  0.0  
0.2800000000000002  0.0  0.0  
0.2825000000000002  0.0  0.0  
0.2850000000000002  0.0  0.0  
0.2875000000000002  0.0  0.0  
0.2900000000000002  0.0  0.0  
0.2925000000000002  0.0  0.0  
0.2950000000000002  0.0  0.0  
0.2975000000000002  0.0  0.0  
0.3000000000000002  0.0  0.0  
0.3025000000000002  0.0  0.0  
0.3050000000000002  0.0  0.0  
0.3075000000000002  0.0  0.0  
0.3100000000000002  0.0  0.0  
0.3125000000000002  0.0  0.0  
0.3150000000000002  0.0  0.0  
0.3175000000000002  0.0  0.0  
0.32000000000000023  0.0  0.0  
0.32250000000000023  0.0  0.0  
0.32500000000000023  0.0  0.0  
0.32750000000000024  0.0  0.0  
0.33000000000000024  0.0  0.0  
0.33250000000000024  0.0  0.0  
0.33500000000000024  0.0  0.0  
0.33750000000000024  0.0  0.0  
0.34000000000000025  0.0  0.0  
0.34250000000000025  0.0  0.0  
0.34500000000000025  0.0  0.0  
0.34750000000000025  0.0  0.0  
0.35000000000000026  0.0  0.0  
0.35250000000000026  0.0  0.0  
0.35500000000000026  0.0  0.0  
0.35750000000000026  0.0  0.0  
0.36000000000000026  0.0  0.0  
0.36250000000000027  0.0  0.0  
0.36500000000000027  0.0  0.0  
0.36750000000000027  0.0  0.0  
0.3700000000000003  0.0  0.0  
0.3725000000000003  0.0  0.0  
0.3750000000000003  0.0  0.0  
0.3775000000000003  0.0  0.0  
0.3800000000000003  0.0  0.0  
0.3825000000000003  0.0  0.0  
0.3850000000000003  0.0  0.0  
0.3875000000000003  0.0  0.0  
0.3900000000000003  0.0  0.0  
0.3925000000000003  0.0  0.0  
0.3950000000000003  0.0  0.0  
0.3975000000000003  0.0  0.0  
0.4000000000000003  0.0  0.0  
0.4025000000000003  0.0  0.0  
0.4050000000000003  0.0  0.0  
0.4075000000000003  0.0  0.0  
0.4100000000000003  0.0  0.0  
0.4125000000000003  0.0  0.0  
0.4150000000000003  0.0  0.0  
0.4175000000000003  0.0  0.0  
0.4200000000000003  0.0  0.0  
0.4225000000000003  0.0  0.0  
0.4250000000000003  0.0  0.0  
0.4275000000000003  0.0  0.0  
0.4300000000000003  0.0  0.0  
0.43250000000000033  0.0  0.0  
0.43500000000000033  0.0  0.0  
0.43750000000000033  0.0  0.0  
0.44000000000000034  0.0  0.0  
0.44250000000000034  0.0  0.0  
0.44500000000000034  0.0  0.0  
0.44750000000000034  0.0  0.0  
0.45000000000000034  0.0  0.0  
0.45250000000000035  0.0  0.0  
0.45500000000000035  0.0  0.0  
0.45750000000000035  0.0  0.0  
0.46000000000000035  0.0  0.0  
0.46250000000000036  0.0  0.0  
0.46500000000000036  0.0  0.0  
0.46750000000000036  0.0  0.0  
0.47000000000000036  0.0  0.0  
0.47250000000000036  0.0  0.0  
0.47500000000000037  0.0  0.0  
0.47750000000000037  0.0  0.0  
0.48000000000000037  0.0  0.0  
0.4825000000000004  0.0  0.0  
0.4850000000000004  0.0  0.0  
0.4875000000000004  0.0  0.0  
0.4900000000000004  0.0  0.0  
0.4925000000000004  0.0  0.0  
0.4950000000000004  0.0  0.0  
0.4975000000000004  0.0  0.0  
0.5000000000000003  0.0  0.0  
0.5025000000000003  0.0  0.0  
0.5050000000000002  0.0  0.0  
0.5075000000000002  0.0  0.0  
0.5100000000000001  0.0  0.0  
0.5125000000000001  0.0  0.0  
0.515  0.0  0.0  
0.5175  0.0  0.0  
0.5199999999999999  0.0  0.0  
0.5224999999999999  0.0  0.0  
0.5249999999999998  0.0  0.0  
0.5274999999999997  0.0  0.0  
0.5299999999999997  0.0  0.0  
0.5324999999999996  0.0  0.0  
0.5349999999999996  0.0  0.0  
0.5374999999999995  0.0  0.0  
0.5399999999999995  0.0  0.0  
0.5424999999999994  0.0  0.0  
0.5449999999999994  0.0  0.0  
0.5474999999999993  0.0  0.0  
0.5499999999999993  0.0  0.0  
0.5524999999999992  0.0  0.0  
0.5549999999999992  0.0  0.0  
0.5574999999999991  0.0  0.0  
0.559999999999999  0.0  0.0  
0.562499999999999  0.0  0.0  
0.564999999999999  0.0  0.0  
0.5674999999999989  0.0  0.0  
0.5699999999999988  0.0  0.0  
0.5724999999999988  0.0  0.0  
0.5749999999999987  0.0  0.0  
0.5774999999999987  0.0  0.0  
0.5799999999999986  0.0  0.0  
0.5824999999999986  0.0  0.0  
0.5849999999999985  0.0  0.0  
0.5874999999999985  0.0  0.0  
0.5899999999999984  0.0  0.0  
0.5924999999999984  0.0  0.0  
0.5949999999999983  0.0  0.0  
0.5974999999999983  0.0  0.0  
0.5999999999999982  0.0  0.0  
0.6024999999999981  0.0  0.0  
0.6049999999999981  0.0  0.0  
0.607499999999998  0.0  0.0  
0.609999999999998  0.0  0.0  
0.6124999999999979  0.0  0.0  
0.6149999999999979  0.0  0.0  
0.6174999999999978  0.0  0.0  
0.6199999999999978  0.0  0.0  
0.6224999999999977  0.0  0.0  
0.6249999999999977  0.0  0.0  
0.6274999999999976  0.0  0.0  
0.6299999999999976  0.0  0.0  
0.6324999999999975  0.0  0.0  
0.6349999999999975  0.0  0.0  
0.6374999999999974  0.0  0.0  
0.6399999999999973  0.0  0.0  
0.6424999999999973  0.0  0.0  
0.6449999999999972  0.0  0.0  
0.6474999999999972  0.0  0.0  
0.6499999999999971  0.0  0.0  
0.6524999999999971  0.0  0.0  
0.654999999999997  0.0  0.0  
0.657499999999997  0.0  0.0  
0.6599999999999969  0.0  0.0  
0.6624999999999969  0.0  0.0  
0.6649999999999968  0.0  0.0  
0.6674999999999968  0.0  0.0  
0.6699999999999967  0.0  0.0  
0.6724999999999967  0.0  0.0  
0.6749999999999966  0.0  0.0  
0.6774999999999965  0.0  0.0  
0.6799999999999965  0.0  0.0  
0.6824999999999964  0.0  0.0  
0.6849999999999964  0.0  0.0  
0.6874999999999963  0.0  0.0  
0.6899999999999963  0.0  0.0  
0.6924999999999962  0.0  0.0  
0.6949999999999962  0.0  0.0  
0.6974999999999961  0.0  0.0  
0.6999999999999961  0.0  0.0  
0.702499999999996  0.0  0.0  
0.704999999999996  0.0  0.0  
0.7074999999999959  0.0  0.0  
0.7099999999999959  0.0  0.0  
0.7124999999999958  0.0  0.0  
0.7149999999999958  0.0  0.0  
0.7174999999999957  0.0  0.0  
0.7199999999999956  0.0  0.0  
0.7224999999999956  0.0  0.0  
0.7249999999999955  0.0  0.0  
0.7274999999999955  0.0  0.0  
0.7299999999999954  0.0  0.0  
0.7324999999999954  0.0  0.0  
0.7349999999999953  0.0  0.0  
0.7374999999999953  0.0  0.0  
0.7399999999999952  0.0  0.0  
0.7424999999999952  0.0  0.0  
0.7449999999999951  0.0  0.0  
0.7474999999999951  0.0  0.0  
0.749999999999995  0.0  0.0  
0.752499999999995  0.0  0.0  
0.7549999999999949  0.0  0.0  
0.7574999999999948  0.0  0.0  
0.7599999999999948  0.0  0.0  
0.7624999999999947  0.0  0.0  
0.7649999999999947  0.0  0.0  
0.7674999999999946  0.0  0.0  
0.7699999999999946  0.0  0.0  
0.7724999999999945  0.0  0.0  
0.7749999999999945  0.0  0.0  
0.7774999999999944  0.0  0.0  
0.7799999999999944  0.0  0.0  
0.7824999999999943  0.0  0.0  
0.7849999999999943  0.0  0.0  
0.7874999999999942  0.0  0.0  
0.7899999999999942  0.0  0.0  
0.7924999999999941  0.0  0.0  
0.794999999999994  0.0  0.0  
0.797499999999994  0.0  0.0  
0.7999999999999939  0.0  0.0  
0.8024999999999939  0.0  0.0  
0.8049999999999938  0.0  0.0  
0.8074999999999938  0.0  0.0  
0.8099999999999937  0.0  0.0  
0.8124999999999937  0.0  0.0  
0.8149999999999936  0.0  0.0  
0.8174999999999936  0.0  0.0  
0.8199999999999935  0.0  0.0  
0.8224999999999935  0.0  0.0  
0.8249999999999934  0.0  0.0  
0.8274999999999934  0.0  0.0  
0.8299999999999933  0.0  0.0  
0.8324999999999932  0.0  0.0  
0.8349999999999932  0.0  0.0  
0.8374999999999931  0.0  0.0  
0.8399999999999931  0.0  0.0  
0.842499999999993  0.0  0.0  
0.844999999999993  0.0  0.0  
0.8474999999999929  0.0  0.0  
0.8499999999999929  0.0  0.0  
0.8524999999999928  0.0  0.0  
0.8549999999999928  0.0  0.0  
0.8574999999999927  0.0  0.0  
0.8599999999999927  0.0  0.0  
0.8624999999999926  0.0  0.0  
0.8649999999999926  0.0  0.0  
0.8674999999999925  0.0  0.0  
0.8699999999999924  0.0  0.0  
0.8724999999999924  0.0  0.0  
0.8749999999999923  0.0  0.0  
0.8774999999999923  0.0  0.0  
0.8799999999999922  0.0  0.0  
0.8824999999999922  0.0  0.0  
0.8849999999999921  0.0  0.0  
0.8874999999999921  0.0  0.0  
0.889999999999992  0.0  0.0  
0.892499999999992  0.0  0.0  
0.8949999999999919  0.0  0.0  
0.8974999999999919  0.0  0.0  
0.8999999999999918  0.0  0.0  
0.9024999999999918  0.0  0.0  
0.9049999999999917  0.0  0.0  
0.9074999999999916  0.0  0.0  
0.9099999999999916  0.0  0.0  
0.9124999999999915  0.0  0.0  
0.9149999999999915  0.0  0.0  
0.9174999999999914  0.0  0.0  
0.9199999999999914  0.0  0.0  
0.9224999999999913  0.0  0.0  
0.9249999999999913  0.0  0.0  
0.9274999999999912  0.0  0.0  
0.9299999999999912  0.0  0.0  
0.9324999999999911  0.0  0.0  
0.9349999999999911  0.0  0.0  
0.937499999999991  0.0  0.0  
0.939999999999991  0.0  0.0  
0.9424999999999909  0.0  0.0  
0.9449999999999908  0.0  0.0  
0.9474999999999908  0.0  0.0  
0.9499999999999907  0.0  0.0  
0.9524999999999907  0.0  0.0  
0.9549999999999906  0.0  0.0  
0.9574999999999906  0.0  0.0  
0.9599999999999905  0.0  0.0  
0.9624999999999905  0.0  0.0  
0.9649999999999904  0.0  0.0  
0.9674999999999904  0.0  0.0  
0.9699999999999903  0.0  0.0  
0.9724999999999903  0.0  0.0  
0.9749999999999902  0.0  0.0  
0.9774999999999902  0.0  0.0  
0.9799999999999901  0.0  0.0  
0.98249999999999  0.0  0.0  
0.98499999999999  0.0  0.0  
0.9874999999999899  0.0  0.0  
0.9899999999999899  0.0  0.0  
0.9924999999999898  0.0  0.0  
0.9949999999999898  0.0  0.0  
0.9974999999999897  0.0  0.0  
0.9999999999999897  0.0  0.0  
1.0024999999999897  0.0020833333333333333  1.0  
1.0049999999999897  0.004583333333333333  1.0  
1.0074999999999896  0.007083333333333334  1.0  
1.0099999999999896  0.009583333333333334  1.0  
1.0124999999999895  0.012083333333333335  1.0  
1.0149999999999895  0.014583333333333335  1.0  
1.0174999999999894  0.017083333333333336  1.0  
1.0199999999999894  0.019583333333333335  1.0  
1.0224999999999893  0.022083333333333333  1.0  
1.0249999999999893  0.024583333333333332  1.0  
1.0274999999999892  0.02708333333333333  1.0  
1.0299999999999891  0.02958333333333333  1.0  
1.032499999999989  0.03208333333333333  1.0  
1.034999999999989  0.034583333333333334  1.0  
1.037499999999989  0.037083333333333336  1.0  
1.039999999999989  0.03958333333333334  1.0  
1.0424999999999889  0.04208333333333334  1.0  
1.0449999999999888  0.04458333333333334  1.0  
1.0474999999999888  0.047083333333333345  1.0  
1.0499999999999887  0.04958333333333335  1.0  
1.0524999999999887  0.05208333333333335  1.0  
1.0549999999999886  0.05458333333333335  1.0  
1.0574999999999886  0.057083333333333354  1.0  
1.0599999999999885  0.059583333333333356  1.0  
1.0624999999999885  0.06208333333333336  1.0  
1.0649999999999884  0.06458333333333335  1.0  
1.0674999999999883  0.06708333333333336  1.0  
1.0699999999999883  0.06958333333333336  1.0  
1.0724999999999882  0.07208333333333336  1.0  
1.0749999999999882  0.07458333333333336  1.0  
1.0774999999999881  0.07708333333333336  1.0  
1.079999999999988  0.07958333333333337  1.0  
1.082499999999988  0.08208333333333337  1.0  
1.084999999999988  0.08458333333333337  1.0  
1.087499999999988  0.08708333333333337  1.0  
1.0899999999999879  0.08958333333333338  1.0  
1.0924999999999878  0.09208333333333338  1.0  
1.0949999999999878  0.09458333333333338  1.0  
1.0974999999999877  0.09708333333333338  1.0  
1.0999999999999877  0.09958333333333338  1.0  
1.1024999999999876  0.10208333333333339  1.0  
1.1049999999999875  0.10458333333333339  1.0  
1.1074999999999875  0.10708333333333339  1.0  
1.1099999999999874  0.1095833333333334  1.0  
1.1124999999999874  0.1120833333333334  1.0  
1.1149999999999873  0.1145833333333334  1.0  
1.1174999999999873  0.1170833333333334  1.0  
1.1199999999999872  0.1195833333333334  1.0  
1.1224999999999872  0.1220833333333334  1.0  
1.1249999999999871  0.12458333333333341  1.0  
1.127499999999987  0.1270833333333334  1.0  
1.129999999999987  0.1295833333333334  1.0  
1.132499999999987  0.1320833333333334  1.0  
1.134999999999987  0.13458333333333342  1.0  
1.1374999999999869  0.13708333333333342  1.0  
1.1399999999999868  0.13958333333333342  1.0  
1.1424999999999867  0.14208333333333342  1.0  
1.1449999999999867  0.14458333333333342  1.0  
1.1474999999999866  0.14708333333333343  1.0  
1.1499999999999866  0.14958333333333343  1.0  
1.1524999999999865  0.15208333333333343  1.0  
1.1549999999999865  0.15458333333333343  1.0  
1.1574999999999864  0.15708333333333344  1.0  
1.1599999999999864  0.15958333333333344  1.0  
1.1624999999999863  0.16208333333333344  1.0  
1.1649999999999863  0.16458333333333344  1.0  
1.1674999999999862  0.16708333333333344  1.0  
1.1699999999999862  0.16958333333333345  1.0  
1.172499999999986  0.17208333333333345  1.0  
1.174999999999986  0.17458333333333345  1.0  
1.177499999999986  0.17708333333333345  1.0  
1.179999999999986  0.17958333333333346  1.0  
1.182499999999986  0.18208333333333346  1.0  
1.1849999999999858  0.18458333333333346  1.0  
1.1874999999999858  0.18708333333333346  1.0  
1.1899999999999857  0.18958333333333346  1.0  
1.1924999999999857  0.19208333333333347  1.0  
1.1949999999999856  0.19458333333333347  1.0  
1.1974999999999856  0.19708333333333347  1.0  
1.1999999999999855  0.19958333333333347  1.0  
1.2024999999999855  0.20208333333333348  1.0  
1.2049999999999854  0.20458333333333348  1.0  
1.2074999999999854  0.20708333333333348  1.0  
1.2099999999999853  0.20958333333333348  1.0  
1.2124999999999853  0.21208333333333348  1.0  
1.2149999999999852  0.2145833333333335  1.0  
1.2174999999999851  0.2170833333333335  1.0  
1.219999999999985  0.2195833333333335  1.0  
1.222499999999985  0.2220833333333335  1.0  
1.224999999999985  0.2245833333333335  1.0  
1.227499999999985  0.2270833333333335  1.0  
1.2299999999999849  0.2295833333333335  1.0  
1.2324999999999848  0.2320833333333335  1.0  
1.2349999999999848  0.2345833333333335  1.0  
1.2374999999999847  0.2370833333333335  1.0  
1.2399999999999847  0.2395833333333335  1.0  
1.2424999999999846  0.2420833333333335  1.0  
1.2449999999999846  0.2445833333333335  1.0  
1.2474999999999845  0.24708333333333352  1.0  
1.2499999999999845  0.24958333333333352  1.0  
1.2524999999999844  0.2520833333333335  1.0  
1.2549999999999844  0.2545833333333335  1.0  
1.2574999999999843  0.2570833333333335  1.0  
1.2599999999999842  0.2595833333333335  1.0  
1.2624999999999842  0.2620833333333335  1.0  
1.2649999999999841  0.2645833333333335  1.0  
1.267499999999984  0.2670833333333335  1.0  
1.269999999999984  0.2695833333333335  1.0  
1.272499999999984  0.2720833333333335  1.0  
1.274999999999984  0.2745833333333335  1.0  
1.2774999999999839  0.2770833333333335  1.0  
1.2799999999999838  0.2795833333333335  1.0  
1.2824999999999838  0.2820833333333335  1.0  
1.2849999999999837  0.2845833333333335  1.0  
1.2874999999999837  0.2870833333333335  1.0  
1.2899999999999836  0.2895833333333335  1.0  
1.2924999999999836  0.29208333333333353  1.0  
1.2949999999999835  0.29458333333333353  1.0  
1.2974999999999834  0.29708333333333353  1.0  
1.2999999999999834  0.29958333333333353  1.0  
1.3024999999999833  0.30208333333333354  1.0  
1.3049999999999833  0.30458333333333354  1.0  
1.3074999999999832  0.30708333333333354  1.0  
1.3099999999999832  0.30958333333333354  1.0  
1.3124999999999831  0.31208333333333355  1.0  
1.314999999999983  0.31458333333333355  1.0  
1.317499999999983  0.31708333333333355  1.0  
1.319999999999983  0.31958333333333355  1.0  
1.322499999999983  0.32208333333333355  1.0  
1.3249999999999829  0.32458333333333356  1.0  
1.3274999999999828  0.32708333333333356  1.0  
1.3299999999999828  0.32958333333333356  1.0  
1.3324999999999827  0.33208333333333356  1.0  
1.3349999999999826  0.33458333333333357  1.0  
1.3374999999999826  0.33708333333333357  1.0  
1.3399999999999825  0.33958333333333357  1.0  
1.3424999999999825  0.3420833333333336  1.0  
1.3449999999999824  0.3445833333333336  1.0  
1.3474999999999824  0.3470833333333336  1.0  
1.3499999999999823  0.3495833333333336  1.0  
1.3524999999999823  0.3520833333333336  1.0  
1.3549999999999822  0.3545833333333336  1.0  
1.3574999999999822  0.3570833333333336  1.0  
1.3599999999999821  0.3595833333333336  1.0  
1.362499999999982  0.3620833333333336  1.0  
1.364999999999982  0.3645833333333336  1.0  
1.367499999999982  0.3670833333333336  1.0  
1.369999999999982  0.3695833333333336  1.0  
1.3724999999999818  0.3720833333333336  1.0  
1.3749999999999818  0.3745833333333336  1.0  
1.3774999999999817  0.3770833333333336  1.0  
1.3799999999999817  0.3795833333333336  1.0  
1.3824999999999816  0.3820833333333336  1.0  
1.3849999999999816  0.3845833333333336  1.0  
1.3874999999999815  0.3870833333333336  1.0  
1.3899999999999815  0.3895833333333336  1.0  
1.3924999999999814  0.3920833333333336  1.0  
1.3949999999999814  0.3945833333333336  1.0  
1.3974999999999813  0.3970833333333336  1.0  
1.3999999999999813  0.3995833333333336  1.0  
1.4024999999999812  0.4020833333333336  1.0  
1.4049999999999812  0.40458333333333363  1.0  
1.407499999999981  0.40708333333333363  1.0  
1.409999999999981  0.40958333333333363  1.0  
1.412499999999981  0.41208333333333363  1.0  
1.414999999999981  0.41458333333333364  1.0  
1.4174999999999809  0.41708333333333364  1.0  
1.4199999999999808  0.41958333333333364  1.0  
1.4224999999999808  0.42208333333333364  1.0  
1.4249999999999807  0.42458333333333365  1.0  
1.4274999999999807  0.42708333333333365  1.0  
1.4299999999999806  0.42958333333333365  1.0  
1.4324999999999806  0.43208333333333365  1.0  
1.4349999999999805  0.43458333333333365  1.0  
1.4374999999999805  0.43708333333333366  1.0  
1.4399999999999804  0.43958333333333366  1.0  
1.4424999999999804  0.44208333333333366  1.0  
1.4449999999999803  0.44458333333333366  1.0  
1.4474999999999802  0.44708333333333367  1.0  
1.4499999999999802  0.44958333333333367  1.0  
1.4524999999999801  0.45208333333333367  1.0  
1.45499999999998  0.4545833333333337  1.0  
1.45749999999998  0.4570833333333337  1.0  
1.45999999999998  0.4595833333333337  1.0  
1.46249999999998  0.4620833333333337  1.0  
1.4649999999999799  0.4645833333333337  1.0  
1.4674999999999798  0.4670833333333337  1.0  
1.4699999999999798  0.4695833333333337  1.0  
1.4724999999999797  0.4720833333333337  1.0  
1.4749999999999797  0.4745833333333337  1.0  
1.4774999999999796  0.4770833333333337  1.0  
1.4799999999999796  0.4795833333333337  1.0  
1.4824999999999795  0.4820833333333337  1.0  
1.4849999999999794  0.4845833333333337  1.0  
1.4874999999999794  0.4870833333333337  1.0  
1.4899999999999793  0.4895833333333337  1.0  
1.4924999999999793  0.4920833333333337  1.0  
1.4949999999999792  0.4945833333333337  1.0  
1.4974999999999792  0.4970833333333337  1.0  
1.4999999999999791  0.4995833333333337  1.0  
1.502499999999979  0.5020833333333337  1.0  
1.504999999999979  0.5045833333333336  1.0  
1.507499999999979  0.5070833333333336  1.0  
1.509999999999979  0.5095833333333335  1.0  
1.5124999999999789  0.5120833333333334  1.0  
1.5149999999999788  0.5145833333333334  1.0  
1.5174999999999788  0.5170833333333333  1.0  
1.5199999999999787  0.5195833333333333  1.0  
1.5224999999999786  0.5220833333333332  1.0  
1.5249999999999786  0.5245833333333332  1.0  
1.5274999999999785  0.5270833333333331  1.0  
1.5299999999999785  0.5295833333333331  1.0  
1.5324999999999784  0.532083333333333  1.0  
1.5349999999999784  0.534583333333333  1.0  
1.5374999999999783  0.5370833333333329  1.0  
1.5399999999999783  0.5395833333333329  1.0  
1.5424999999999782  0.5420833333333328  1.0  
1.5449999999999782  0.5445833333333328  1.0  
1.5474999999999781  0.5470833333333327  1.0  
1.549999999999978  0.5495833333333326  1.0  
1.552499999999978  0.5520833333333326  1.0  
1.554999999999978  0.5545833333333325  1.0  
1.557499999999978  0.5570833333333325  1.0  
1.5599999999999778  0.5595833333333324  1.0  
1.5624999999999778  0.5620833333333324  1.0  
1.5649999999999777  0.5645833333333323  1.0  
1.5674999999999777  0.5670833333333323  1.0  
1.5699999999999776  0.5695833333333322  1.0  
1.5724999999999776  0.5720833333333322  1.0  
1.5749999999999775  0.5745833333333321  1.0  
1.5774999999999775  0.5770833333333321  1.0  
1.5799999999999774  0.579583333333332  1.0  
1.5824999999999774  0.582083333333332  1.0  
1.5849999999999773  0.5845833333333319  1.0  
1.5874999999999773  0.5870833333333318  1.0  
1.5899999999999772  0.5895833333333318  1.0  
1.5924999999999772  0.5920833333333317  1.0  
1.594999999999977  0.5945833333333317  1.0  
1.597499999999977  0.5970833333333316  1.0  
1.599999999999977  0.5995833333333316  1.0  
1.602499999999977  0.6020833333333315  1.0  
1.604999999999977  0.6045833333333315  1.0  
1.6074999999999768  0.6070833333333314  1.0  
1.6099999999999768  0.6095833333333314  1.0  
1.6124999999999767  0.6120833333333313  1.0  
1.6149999999999767  0.6145833333333313  1.0  
1.6174999999999766  0.6170833333333312  1.0  
1.6199999999999766  0.6195833333333312  1.0  
1.6224999999999765  0.6220833333333311  1.0  
1.6249999999999765  0.624583333333331  1.0  
1.6274999999999764  0.627083333333331  1.0  
1.6299999999999764  0.6295833333333309  1.0  
1.6324999999999763  0.6320833333333309  1.0  
1.6349999999999763  0.6345833333333308  1.0  
1.6374999999999762  0.6370833333333308  1.0  
1.6399999999999761  0.6395833333333307  1.0  
1.642499999999976  0.6420833333333307  1.0  
1.644999999999976  0.6445833333333306  1.0  
1.647499999999976  0.6470833333333306  1.0  
1.649999999999976  0.6495833333333305  1.0  
1.6524999999999759  0.6520833333333305  1.0  
1.6549999999999758  0.6545833333333304  1.0  
1.6574999999999758  0.6570833333333304  1.0  
1.6599999999999757  0.6595833333333303  1.0  
1.6624999999999757  0.6620833333333302  1.0  
1.6649999999999756  0.6645833333333302  1.0  
1.6674999999999756  0.6670833333333301  1.0  
1.6699999999999755  0.6695833333333301  1.0  
1.6724999999999755  0.67208333333333  1.0  
1.6749999999999754  0.67458333333333  1.0  
1.6774999999999753  0.6770833333333299  1.0  
1.6799999999999753  0.6795833333333299  1.0  
1.6824999999999752  0.6820833333333298  1.0  
1.6849999999999752  0.6845833333333298  1.0  
1.6874999999999751  0.6870833333333297  1.0  
1.689999999999975  0.6895833333333297  1.0  
1.692499999999975  0.6920833333333296  1.0  
1.694999999999975  0.6945833333333296  1.0  
1.697499999999975  0.6970833333333295  1.0  
1.6999999999999749  0.6995833333333294  1.0  
1.7024999999999748  0.7020833333333294  1.0  
1.7049999999999748  0.7045833333333293  1.0  
1.7074999999999747  0.7070833333333293  1.0  
1.7099999999999747  0.7095833333333292  1.0  
1.7124999999999746  0.7120833333333292  1.0  
1.7149999999999745  0.7145833333333291  1.0  
1.7174999999999745  0.7170833333333291  1.0  
1.7199999999999744  0.719583333333329  1.0  
1.7224999999999744  0.722083333333329  1.0  
1.7249999999999743  0.7245833333333289  1.0  
1.7274999999999743  0.7270833333333289  1.0  
1.7299999999999742  0.7295833333333288  1.0  
1.7324999999999742  0.7320833333333288  1.0  
1.7349999999999741  0.7345833333333287  1.0  
1.737499999999974  0.7370833333333286  1.0  
1.739999999999974  0.7395833333333286  1.0  
1.742499999999974  0.7420833333333285  1.0  
1.744999999999974  0.7445833333333285  1.0  
1.7474999999999739  0.7470833333333284  1.0  
1.7499999999999738  0.7495833333333284  1.0  
1.7524999999999737  0.7520833333333283  1.0  
1.7549999999999737  0.7545833333333283  1.0  
1.7574999999999736  0.7570833333333282  1.0  
1.7599999999999736  0.7595833333333282  1.0  
1.7624999999999735  0.7620833333333281  1.0  
1.7649999999999735  0.7645833333333281  1.0  
1.7674999999999734  0.767083333333328  1.0  
1.7699999999999734  0.769583333333328  1.0  
1.7724999999999733  0.7720833333333279  1.0  
1.7749999999999733  0.7745833333333279  1.0  
1.7774999999999732  0.7770833333333278  1.0  
1.7799999999999732  0.7795833333333277  1.0  
1.782499999999973  0.7820833333333277  1.0  
1.784999999999973  0.7845833333333276  1.0  
1.787499999999973  0.7870833333333276  1.0  
1.789999999999973  0.7895833333333275  1.0  
1.792499999999973  0.7920833333333275  1.0  
1.7949999999999728  0.7945833333333274  1.0  
1.7974999999999728  0.7970833333333274  1.0  
1.7999999999999727  0.7995833333333273  1.0  
1.8024999999999727  0.8020833333333273  1.0  
1.8049999999999726  0.8045833333333272  1.0  
1.8074999999999726  0.8070833333333272  1.0  
1.8099999999999725  0.8095833333333271  1.0  
1.8124999999999725  0.812083333333327  1.0  
1.8149999999999724  0.814583333333327  1.0  
1.8174999999999724  0.8170833333333269  1.0  
1.8199999999999723  0.8195833333333269  1.0  
1.8224999999999723  0.8220833333333268  1.0  
1.8249999999999722  0.8245833333333268  1.0  
1.8274999999999721  0.8270833333333267  1.0  
1.829999999999972  0.8295833333333267  1.0  
1.832499999999972  0.8320833333333266  1.0  
1.834999999999972  0.8345833333333266  1.0  
1.837499999999972  0.8370833333333265  1.0  
1.8399999999999719  0.8395833333333265  1.0  
1.8424999999999718  0.8420833333333264  1.0  
1.8449999999999718  0.8445833333333264  1.0  
1.8474999999999717  0.8470833333333263  1.0  
1.8499999999999717  0.8495833333333263  1.0  
1.8524999999999716  0.8520833333333262  1.0  
1.8549999999999716  0.8545833333333261  1.0  
1.8574999999999715  0.8570833333333261  1.0  
1.8599999999999715  0.859583333333326  1.0  
1.8624999999999714  0.862083333333326  1.0  
1.8649999999999713  0.8645833333333259  1.0  
1.8674999999999713  0.8670833333333259  1.0  
1.8699999999999712  0.8695833333333258  1.0  
1.8724999999999712  0.8720833333333258  1.0  
1.8749999999999711  0.8745833333333257  1.0  
1.877499999999971  0.8770833333333257  1.0  
1.879999999999971  0.8795833333333256  1.0  
1.882499999999971  0.8820833333333256  1.0  
1.884999999999971  0.8845833333333255  1.0  
1.8874999999999709  0.8870833333333255  1.0  
1.8899999999999708  0.8895833333333254  1.0  
1.8924999999999708  0.8920833333333253  1.0  
1.8949999999999707  0.8945833333333253  1.0  
1.8974999999999707  0.8970833333333252  1.0  
1.8999999999999706  0.8995833333333252  1.0  
1.9024999999999705  0.9020833333333251  1.0  
1.9049999999999705  0.9045833333333251  1.0  
1.9074999999999704  0.907083333333325  1.0  
1.9099999999999704  0.909583333333325  1.0  
1.9124999999999703  0.9120833333333249  1.0  
1.9149999999999703  0.9145833333333249  1.0  
1.9174999999999702  0.9170833333333248  1.0  
1.9199999999999702  0.9195833333333248  1.0  
1.9224999999999701  0.9220833333333247  1.0  
1.92499999999997  0.9245833333333247  1.0  
1.92749999999997  0.9270833333333246  1.0  
1.92999999999997  0.9295833333333245  1.0  
1.93249999999997  0.9320833333333245  1.0  
1.9349999999999699  0.9345833333333244  1.0  
1.9374999999999698  0.9370833333333244  1.0  
1.9399999999999697  0.9395833333333243  1.0  
1.9424999999999697  0.9420833333333243  1.0  
1.9449999999999696  0.9445833333333242  1.0  
1.9474999999999696  0.9470833333333242  1.0  
1.9499999999999695  0.9495833333333241  1.0  
1.9524999999999695  0.9520833333333241  1.0  
1.9549999999999694  0.954583333333324  1.0  
1.9574999999999694  0.957083333333324  1.0  
1.9599999999999693  0.9595833333333239  1.0  
1.9624999999999693  0.9620833333333239  1.0  
1.9649999999999692  0.9645833333333238  1.0  
1.9674999999999692  0.9670833333333237  1.0  
1.969999999999969  0.9695833333333237  1.0  
1.972499999999969  0.9720833333333236  1.0  
1.974999999999969  0.9745833333333236  1.0  
1.977499999999969  0.9770833333333235  1.0  
1.979999999999969  0.9795833333333235  1.0  
1.9824999999999688  0.9820833333333234  1.0  
1.9849999999999688  0.9845833333333234  1.0  
1.9874999999999687  0.9870833333333233  1.0  
1.9899999999999687  0.9895833333333233  1.0  
1.9924999999999686  0.9920833333333232  1.0  
1.9949999999999686  0.9945833333333232  1.0  
1.9974999999999685  0.9970833333333231  1.0  
1.9999999999999685  0.999583333333323  1.0  
2.0024999999999684  0.9979166666666563  -1.0  
2.0049999999999684  0.9954166666666564  -1.0  
2.0074999999999683  0.9929166666666565  -1.0  
2.0099999999999683  0.9904166666666565  -1.0  
2.012499999999968  0.9879166666666566  -1.0  
2.014999999999968  0.9854166666666566  -1.0  
2.017499999999968  0.9829166666666567  -1.0  
2.019999999999968  0.9804166666666567  -1.0  
2.022499999999968  0.9779166666666568  -1.0  
2.024999999999968  0.9754166666666568  -1.0  
2.027499999999968  0.9729166666666569  -1.0  
2.029999999999968  0.9704166666666569  -1.0  
2.0324999999999678  0.967916666666657  -1.0  
2.0349999999999677  0.965416666666657  -1.0  
2.0374999999999677  0.9629166666666571  -1.0  
2.0399999999999676  0.9604166666666571  -1.0  
2.0424999999999676  0.9579166666666572  -1.0  
2.0449999999999675  0.9554166666666573  -1.0  
2.0474999999999675  0.9529166666666573  -1.0  
2.0499999999999674  0.9504166666666574  -1.0  
2.0524999999999674  0.9479166666666574  -1.0  
2.0549999999999673  0.9454166666666575  -1.0  
2.0574999999999672  0.9429166666666575  -1.0  
2.059999999999967  0.9404166666666576  -1.0  
2.062499999999967  0.9379166666666576  -1.0  
2.064999999999967  0.9354166666666577  -1.0  
2.067499999999967  0.9329166666666577  -1.0  
2.069999999999967  0.9304166666666578  -1.0  
2.072499999999967  0.9279166666666578  -1.0  
2.074999999999967  0.9254166666666579  -1.0  
2.077499999999967  0.922916666666658  -1.0  
2.0799999999999668  0.920416666666658  -1.0  
2.0824999999999667  0.917916666666658  -1.0  
2.0849999999999667  0.9154166666666581  -1.0  
2.0874999999999666  0.9129166666666582  -1.0  
2.0899999999999666  0.9104166666666582  -1.0  
2.0924999999999665  0.9079166666666583  -1.0  
2.0949999999999664  0.9054166666666583  -1.0  
2.0974999999999664  0.9029166666666584  -1.0  
2.0999999999999663  0.9004166666666584  -1.0  
2.1024999999999663  0.8979166666666585  -1.0  
2.1049999999999662  0.8954166666666585  -1.0  
2.107499999999966  0.8929166666666586  -1.0  
2.109999999999966  0.8904166666666586  -1.0  
2.112499999999966  0.8879166666666587  -1.0  
2.114999999999966  0.8854166666666587  -1.0  
2.117499999999966  0.8829166666666588  -1.0  
2.119999999999966  0.8804166666666589  -1.0  
2.122499999999966  0.8779166666666589  -1.0  
2.124999999999966  0.875416666666659  -1.0  
2.1274999999999658  0.872916666666659  -1.0  
2.1299999999999657  0.8704166666666591  -1.0  
2.1324999999999656  0.8679166666666591  -1.0  
2.1349999999999656  0.8654166666666592  -1.0  
2.1374999999999655  0.8629166666666592  -1.0  
2.1399999999999655  0.8604166666666593  -1.0  
2.1424999999999654  0.8579166666666593  -1.0  
2.1449999999999654  0.8554166666666594  -1.0  
2.1474999999999653  0.8529166666666594  -1.0  
2.1499999999999653  0.8504166666666595  -1.0  
2.152499999999965  0.8479166666666595  -1.0  
2.154999999999965  0.8454166666666596  -1.0  
2.157499999999965  0.8429166666666597  -1.0  
2.159999999999965  0.8404166666666597  -1.0  
2.162499999999965  0.8379166666666598  -1.0  
2.164999999999965  0.8354166666666598  -1.0  
2.167499999999965  0.8329166666666599  -1.0  
2.169999999999965  0.8304166666666599  -1.0  
2.172499999999965  0.82791666666666  -1.0  
2.1749999999999647  0.82541666666666  -1.0  
2.1774999999999647  0.8229166666666601  -1.0  
2.1799999999999646  0.8204166666666601  -1.0  
2.1824999999999646  0.8179166666666602  -1.0  
2.1849999999999645  0.8154166666666602  -1.0  
2.1874999999999645  0.8129166666666603  -1.0  
2.1899999999999644  0.8104166666666603  -1.0  
2.1924999999999644  0.8079166666666604  -1.0  
2.1949999999999643  0.8054166666666605  -1.0  
2.1974999999999643  0.8029166666666605  -1.0  
2.199999999999964  0.8004166666666606  -1.0  
2.202499999999964  0.7979166666666606  -1.0  
2.204999999999964  0.7954166666666607  -1.0  
2.207499999999964  0.7929166666666607  -1.0  
2.209999999999964  0.7904166666666608  -1.0  
2.212499999999964  0.7879166666666608  -1.0  
2.214999999999964  0.7854166666666609  -1.0  
2.217499999999964  0.7829166666666609  -1.0  
2.219999999999964  0.780416666666661  -1.0  
2.2224999999999637  0.777916666666661  -1.0  
2.2249999999999637  0.7754166666666611  -1.0  
2.2274999999999636  0.7729166666666611  -1.0  
2.2299999999999636  0.7704166666666612  -1.0  
2.2324999999999635  0.7679166666666613  -1.0  
2.2349999999999635  0.7654166666666613  -1.0  
2.2374999999999634  0.7629166666666614  -1.0  
2.2399999999999634  0.7604166666666614  -1.0  
2.2424999999999633  0.7579166666666615  -1.0  
2.2449999999999632  0.7554166666666615  -1.0  
2.247499999999963  0.7529166666666616  -1.0  
2.249999999999963  0.7504166666666616  -1.0  
2.252499999999963  0.7479166666666617  -1.0  
2.254999999999963  0.7454166666666617  -1.0  
2.257499999999963  0.7429166666666618  -1.0  
2.259999999999963  0.7404166666666618  -1.0  
2.262499999999963  0.7379166666666619  -1.0  
2.264999999999963  0.735416666666662  -1.0  
2.2674999999999628  0.732916666666662  -1.0  
2.2699999999999627  0.730416666666662  -1.0  
2.2724999999999627  0.7279166666666621  -1.0  
2.2749999999999626  0.7254166666666622  -1.0  
2.2774999999999626  0.7229166666666622  -1.0  
2.2799999999999625  0.7204166666666623  -1.0  
2.2824999999999624  0.7179166666666623  -1.0  
2.2849999999999624  0.7154166666666624  -1.0  
2.2874999999999623  0.7129166666666624  -1.0  
2.2899999999999623  0.7104166666666625  -1.0  
2.2924999999999622  0.7079166666666625  -1.0  
2.294999999999962  0.7054166666666626  -1.0  
2.297499999999962  0.7029166666666626  -1.0  
2.299999999999962  0.7004166666666627  -1.0  
2.302499999999962  0.6979166666666627  -1.0  
2.304999999999962  0.6954166666666628  -1.0  
2.307499999999962  0.6929166666666629  -1.0  
2.309999999999962  0.6904166666666629  -1.0  
2.312499999999962  0.687916666666663  -1.0  
2.3149999999999618  0.685416666666663  -1.0  
2.3174999999999617  0.6829166666666631  -1.0  
2.3199999999999616  0.6804166666666631  -1.0  
2.3224999999999616  0.6779166666666632  -1.0  
2.3249999999999615  0.6754166666666632  -1.0  
2.3274999999999615  0.6729166666666633  -1.0  
2.3299999999999614  0.6704166666666633  -1.0  
2.3324999999999614  0.6679166666666634  -1.0  
2.3349999999999613  0.6654166666666634  -1.0  
2.3374999999999613  0.6629166666666635  -1.0  
2.3399999999999612  0.6604166666666635  -1.0  
2.342499999999961  0.6579166666666636  -1.0  
2.344999999999961  0.6554166666666636  -1.0  
2.347499999999961  0.6529166666666637  -1.0  
2.349999999999961  0.6504166666666638  -1.0  
2.352499999999961  0.6479166666666638  -1.0  
2.354999999999961  0.6454166666666639  -1.0  
2.357499999999961  0.6429166666666639  -1.0  
2.359999999999961  0.640416666666664  -1.0  
2.3624999999999607  0.637916666666664  -1.0  
2.3649999999999607  0.6354166666666641  -1.0  
2.3674999999999606  0.6329166666666641  -1.0  
2.3699999999999606  0.6304166666666642  -1.0  
2.3724999999999605  0.6279166666666642  -1.0  
2.3749999999999605  0.6254166666666643  -1.0  
2.3774999999999604  0.6229166666666643  -1.0  
2.3799999999999604  0.6204166666666644  -1.0  
2.3824999999999603  0.6179166666666644  -1.0  
2.3849999999999603  0.6154166666666645  -1.0  
2.38749999999996  0.6129166666666646  -1.0  
2.38999999999996  0.6104166666666646  -1.0  
2.39249999999996  0.6079166666666647  -1.0  
2.39499999999996  0.6054166666666647  -1.0  
2.39749999999996  0.6029166666666648  -1.0  
2.39999999999996  0.6004166666666648  -1.0  
2.40249999999996  0.5979166666666649  -1.0  
2.40499999999996  0.5954166666666649  -1.0  
2.40749999999996  0.592916666666665  -1.0  
2.4099999999999597  0.590416666666665  -1.0  
2.4124999999999597  0.5879166666666651  -1.0  
2.4149999999999596  0.5854166666666651  -1.0  
2.4174999999999596  0.5829166666666652  -1.0  
2.4199999999999595  0.5804166666666652  -1.0  
2.4224999999999595  0.5779166666666653  -1.0  
2.4249999999999594  0.5754166666666654  -1.0  
2.4274999999999594  0.5729166666666654  -1.0  
2.4299999999999593  0.5704166666666655  -1.0  
2.4324999999999593  0.5679166666666655  -1.0  
2.434999999999959  0.5654166666666656  -1.0  
2.437499999999959  0.5629166666666656  -1.0  
2.439999999999959  0.5604166666666657  -1.0  
2.442499999999959  0.5579166666666657  -1.0  
2.444999999999959  0.5554166666666658  -1.0  
2.447499999999959  0.5529166666666658  -1.0  
2.449999999999959  0.5504166666666659  -1.0  
2.452499999999959  0.5479166666666659  -1.0  
2.4549999999999588  0.545416666666666  -1.0  
2.4574999999999587  0.542916666666666  -1.0  
2.4599999999999587  0.5404166666666661  -1.0  
2.4624999999999586  0.5379166666666662  -1.0  
2.4649999999999586  0.5354166666666662  -1.0  
2.4674999999999585  0.5329166666666663  -1.0  
2.4699999999999585  0.5304166666666663  -1.0  
2.4724999999999584  0.5279166666666664  -1.0  
2.4749999999999583  0.5254166666666664  -1.0  
2.4774999999999583  0.5229166666666665  -1.0  
2.4799999999999582  0.5204166666666665  -1.0  
2.482499999999958  0.5179166666666666  -1.0  
2.484999999999958  0.5154166666666666  -1.0  
2.487499999999958  0.5129166666666667  -1.0  
2.489999999999958  0.5104166666666667  -1.0  
2.492499999999958  0.5079166666666668  -1.0  
2.494999999999958  0.5054166666666668  -1.0  
2.497499999999958  0.5029166666666669  -1.0  
2.499999999999958  0.500416666666667  -1.0  
2.5024999999999578  0.49791666666666695  -1.0  
2.5049999999999577  0.49541666666666695  -1.0  
2.5074999999999577  0.49291666666666695  -1.0  
2.5099999999999576  0.49041666666666694  -1.0  
2.5124999999999575  0.48791666666666694  -1.0  
2.5149999999999575  0.48541666666666694  -1.0  
2.5174999999999574  0.48291666666666694  -1.0  
2.5199999999999574  0.48041666666666694  -1.0  
2.5224999999999573  0.47791666666666693  -1.0  
2.5249999999999573  0.47541666666666693  -1.0  
2.5274999999999572  0.47291666666666693  -1.0  
2.529999999999957  0.4704166666666669  -1.0  
2.532499999999957  0.4679166666666669  -1.0  
2.534999999999957  0.4654166666666669  -1.0  
2.537499999999957  0.4629166666666669  -1.0  
2.539999999999957  0.4604166666666669  -1.0  
2.542499999999957  0.4579166666666669  -1.0  
2.544999999999957  0.4554166666666669  -1.0  
2.547499999999957  0.4529166666666669  -1.0  
2.5499999999999567  0.4504166666666669  -1.0  
2.5524999999999567  0.4479166666666669  -1.0  
2.5549999999999566  0.4454166666666669  -1.0  
2.5574999999999566  0.4429166666666669  -1.0  
2.5599999999999565  0.4404166666666669  -1.0  
2.5624999999999565  0.4379166666666669  -1.0  
2.5649999999999564  0.4354166666666669  -1.0  
2.5674999999999564  0.4329166666666669  -1.0  
2.5699999999999563  0.4304166666666669  -1.0  
2.5724999999999563  0.4279166666666669  -1.0  
2.574999999999956  0.4254166666666669  -1.0  
2.577499999999956  0.4229166666666669  -1.0  
2.579999999999956  0.4204166666666669  -1.0  
2.582499999999956  0.4179166666666669  -1.0  
2.584999999999956  0.4154166666666669  -1.0  
2.587499999999956  0.4129166666666669  -1.0  
2.589999999999956  0.4104166666666669  -1.0  
2.592499999999956  0.40791666666666687  -1.0  
2.594999999999956  0.40541666666666687  -1.0  
2.5974999999999557  0.40291666666666687  -1.0  
2.5999999999999557  0.40041666666666687  -1.0  
2.6024999999999556  0.39791666666666686  -1.0  
2.6049999999999556  0.39541666666666686  -1.0  
2.6074999999999555  0.39291666666666686  -1.0  
2.6099999999999555  0.39041666666666686  -1.0  
2.6124999999999554  0.38791666666666685  -1.0  
2.6149999999999554  0.38541666666666685  -1.0  
2.6174999999999553  0.38291666666666685  -1.0  
2.6199999999999553  0.38041666666666685  -1.0  
2.622499999999955  0.37791666666666685  -1.0  
2.624999999999955  0.37541666666666684  -1.0  
2.627499999999955  0.37291666666666684  -1.0  
2.629999999999955  0.37041666666666684  -1.0  
2.632499999999955  0.36791666666666684  -1.0  
2.634999999999955  0.36541666666666683  -1.0  
2.637499999999955  0.36291666666666683  -1.0  
2.639999999999955  0.36041666666666683  -1.0  
2.6424999999999548  0.3579166666666668  -1.0  
2.6449999999999547  0.3554166666666668  -1.0  
2.6474999999999547  0.3529166666666668  -1.0  
2.6499999999999546  0.3504166666666668  -1.0  
2.6524999999999546  0.3479166666666668  -1.0  
2.6549999999999545  0.3454166666666668  -1.0  
2.6574999999999545  0.3429166666666668  -1.0  
2.6599999999999544  0.3404166666666668  -1.0  
2.6624999999999543  0.3379166666666668  -1.0  
2.6649999999999543  0.3354166666666668  -1.0  
2.6674999999999542  0.3329166666666668  -1.0  
2.669999999999954  0.3304166666666668  -1.0  
2.672499999999954  0.3279166666666668  -1.0  
2.674999999999954  0.3254166666666668  -1.0  
2.677499999999954  0.3229166666666668  -1.0  
2.679999999999954  0.3204166666666668  -1.0  
2.682499999999954  0.3179166666666668  -1.0  
2.684999999999954  0.3154166666666668  -1.0  
2.687499999999954  0.3129166666666668  -1.0  
2.6899999999999538  0.3104166666666668  -1.0  
2.6924999999999537  0.3079166666666668  -1.0  
2.6949999999999537  0.3054166666666668  -1.0  
2.6974999999999536  0.3029166666666668  -1.0  
2.6999999999999535  0.3004166666666668  -1.0  
2.7024999999999535  0.2979166666666668  -1.0  
2.7049999999999534  0.29541666666666677  -1.0  
2.7074999999999534  0.29291666666666677  -1.0  
2.7099999999999533  0.29041666666666677  -1.0  
2.7124999999999533  0.28791666666666677  -1.0  
2.7149999999999532  0.28541666666666676  -1.0  
2.717499999999953  0.28291666666666676  -1.0  
2.719999999999953  0.28041666666666676  -1.0  
2.722499999999953  0.27791666666666676  -1.0  
2.724999999999953  0.27541666666666675  -1.0  
2.727499999999953  0.27291666666666675  -1.0  
2.729999999999953  0.27041666666666675  -1.0  
2.732499999999953  0.26791666666666675  -1.0  
2.734999999999953  0.26541666666666675  -1.0  
2.7374999999999527  0.26291666666666674  -1.0  
2.7399999999999527  0.26041666666666674  -1.0  
2.7424999999999526  0.25791666666666674  -1.0  
2.7449999999999526  0.25541666666666674  -1.0  
2.7474999999999525  0.25291666666666673  -1.0  
2.7499999999999525  0.25041666666666673  -1.0  
2.7524999999999524  0.24791666666666673  -1.0  
2.7549999999999524  0.24541666666666673  -1.0  
2.7574999999999523  0.24291666666666673  -1.0  
2.7599999999999523  0.24041666666666672  -1.0  
2.762499999999952  0.23791666666666672  -1.0  
2.764999999999952  0.23541666666666672  -1.0  
2.767499999999952  0.23291666666666672  -1.0  
2.769999999999952  0.23041666666666671  -1.0  
2.772499999999952  0.2279166666666667  -1.0  
2.774999999999952  0.2254166666666667  -1.0  
2.777499999999952  0.2229166666666667  -1.0  
2.779999999999952  0.2204166666666667  -1.0  
2.782499999999952  0.2179166666666667  -1.0  
2.7849999999999517  0.2154166666666667  -1.0  
2.7874999999999517  0.2129166666666667  -1.0  
2.7899999999999516  0.2104166666666667  -1.0  
2.7924999999999516  0.2079166666666667  -1.0  
2.7949999999999515  0.2054166666666667  -1.0  
2.7974999999999515  0.2029166666666667  -1.0  
2.7999999999999514  0.2004166666666667  -1.0  
2.8024999999999514  0.19791666666666669  -1.0  
2.8049999999999513  0.19541666666666668  -1.0  
2.8074999999999513  0.19291666666666668  -1.0  
2.809999999999951  0.19041666666666668  -1.0  
2.812499999999951  0.18791666666666668  -1.0  
2.814999999999951  0.18541666666666667  -1.0  
2.817499999999951  0.18291666666666667  -1.0  
2.819999999999951  0.18041666666666667  -1.0  
2.822499999999951  0.17791666666666667  -1.0  
2.824999999999951  0.17541666666666667  -1.0  
2.827499999999951  0.17291666666666666  -1.0  
2.8299999999999508  0.17041666666666666  -1.0  
2.8324999999999507  0.16791666666666666  -1.0  
2.8349999999999507  0.16541666666666666  -1.0  
2.8374999999999506  0.16291666666666665  -1.0  
2.8399999999999506  0.16041666666666665  -1.0  
2.8424999999999505  0.15791666666666665  -1.0  
2.8449999999999505  0.15541666666666665  -1.0  
2.8474999999999504  0.15291666666666665  -1.0  
2.8499999999999504  0.15041666666666664  -1.0  
2.8524999999999503  0.14791666666666664  -1.0  
2.8549999999999502  0.14541666666666664  -1.0  
2.85749999999995  0.14291666666666664  -1.0  
2.85999999999995  0.14041666666666663  -1.0  
2.86249999999995  0.13791666666666663  -1.0  
2.86499999999995  0.13541666666666663  -1.0  
2.86749999999995  0.13291666666666663  -1.0  
2.86999999999995  0.13041666666666663  -1.0  
2.87249999999995  0.12791666666666662  -1.0  
2.87499999999995  0.12541666666666662  -1.0  
2.8774999999999498  0.12291666666666662  -1.0  
2.8799999999999497  0.12041666666666662  -1.0  
2.8824999999999497  0.11791666666666661  -1.0  
2.8849999999999496  0.11541666666666661  -1.0  
2.8874999999999496  0.11291666666666661  -1.0  
2.8899999999999495  0.11041666666666661  -1.0  
2.8924999999999494  0.1079166666666666  -1.0  
2.8949999999999494  0.1054166666666666  -1.0  
2.8974999999999493  0.1029166666666666  -1.0  
2.8999999999999493  0.1004166666666666  -1.0  
2.9024999999999492  0.0979166666666666  -1.0  
2.904999999999949  0.0954166666666666  -1.0  
2.907499999999949  0.09291666666666659  -1.0  
2.909999999999949  0.09041666666666659  -1.0  
2.912499999999949  0.08791666666666659  -1.0  
2.914999999999949  0.08541666666666659  -1.0  
2.917499999999949  0.08291666666666658  -1.0  
2.919999999999949  0.08041666666666658  -1.0  
2.922499999999949  0.07791666666666658  -1.0  
2.9249999999999488  0.07541666666666658  -1.0  
2.9274999999999487  0.07291666666666657  -1.0  
2.9299999999999486  0.07041666666666657  -1.0  
2.9324999999999486  0.06791666666666657  -1.0  
2.9349999999999485  0.06541666666666657  -1.0  
2.9374999999999485  0.06291666666666657  -1.0  
2.9399999999999484  0.06041666666666656  -1.0  
2.9424999999999484  0.05791666666666656  -1.0  
2.9449999999999483  0.05541666666666656  -1.0  
2.9474999999999483  0.052916666666666556  -1.0  
2.949999999999948  0.050416666666666554  -1.0  
2.952499999999948  0.04791666666666655  -1.0  
2.954999999999948  0.04541666666666655  -1.0  
2.957499999999948  0.04291666666666655  -1.0  
2.959999999999948  0.040416666666666545  -1.0  
2.962499999999948  0.03791666666666654  -1.0  
2.964999999999948  0.03541666666666654  -1.0  
2.967499999999948  0.03291666666666654  -1.0  
2.969999999999948  0.03041666666666654  -1.0  
2.9724999999999477  0.02791666666666654  -1.0  
2.9749999999999477  0.025416666666666542  -1.0  
2.9774999999999476  0.022916666666666544  -1.0  
2.9799999999999476  0.020416666666666545  -1.0  
2.9824999999999475  0.017916666666666546  -1.0  
2.9849999999999475  0.015416666666666546  -1.0  
2.9874999999999474  0.012916666666666545  -1.0  
2.9899999999999474  0.010416666666666545  -1.0  
2.9924999999999473  0.007916666666666544  -1.0  
2.9949999999999473  0.005416666666666544  -1.0  
2.997499999999947  0.0029166666666665436  -1.0  
2.999999999999947  4.166666666665436E-4  -1.0  
3.002499999999947  -1.2311115668572903E-16  0.0  
3.004999999999947  -1.2311115668572903E-16  0.0  
3.007499999999947  -1.2311115668572903E-16  0.0  
3.009999999999947  -1.2311115668572903E-16  0.0  
3.012499999999947  -1.2311115668572903E-16  0.0  
3.014999999999947  -1.2311115668572903E-16  0.0  
3.017499999999947  -1.2311115668572903E-16  0.0  
3.0199999999999467  -1.2311115668572903E-16  0.0  
3.0224999999999467  -1.2311115668572903E-16  0.0  
3.0249999999999466  -1.2311115668572903E-16  0.0  
3.0274999999999466  -1.2311115668572903E-16  0.0  
3.0299999999999465  -1.2311115668572903E-16  0.0  
3.0324999999999465  -1.2311115668572903E-16  0.0  
3.0349999999999464  -1.2311115668572903E-16  0.0  
3.0374999999999464  -1.2311115668572903E-16  0.0  
3.0399999999999463  -1.2311115668572903E-16  0.0  
3.0424999999999462  -1.2311115668572903E-16  0.0  
3.044999999999946  -1.2311115668572903E-16  0.0  
3.047499999999946  -1.2311115668572903E-16  0.0  
3.049999999999946  -1.2311115668572903E-16  0.0  
3.052499999999946  -1.2311115668572903E-16  0.0  
3.054999999999946  -1.2311115668572903E-16  0.0  
3.057499999999946  -1.2311115668572903E-16  0.0  
3.059999999999946  -1.2311115668572903E-16  0.0  
3.062499999999946  -1.2311115668572903E-16  0.0  
3.0649999999999458  -1.2311115668572903E-16  0.0  
3.0674999999999457  -1.2311115668572903E-16  0.0  
3.0699999999999457  -1.2311115668572903E-16  0.0  
3.0724999999999456  -1.2311115668572903E-16  0.0  
3.0749999999999456  -1.2311115668572903E-16  0.0  
3.0774999999999455  -1.2311115668572903E-16  0.0  
3.0799999999999454  -1.2311115668572903E-16  0.0  
3.0824999999999454  -1.2311115668572903E-16  0.0  
3.0849999999999453  -1.2311115668572903E-16  0.0  
3.0874999999999453  -1.2311115668572903E-16  0.0  
3.0899999999999452  -1.2311115668572903E-16  0.0  
3.092499999999945  -1.2311115668572903E-16  0.0  
3.094999999999945  -1.2311115668572903E-16  0.0  
3.097499999999945  -1.2311115668572903E-16  0.0  
3.099999999999945  -1.2311115668572903E-16  0.0  
3.102499999999945  -1.2311115668572903E-16  0.0  
3.104999999999945  -1.2311115668572903E-16  0.0  
3.107499999999945  -1.2311115668572903E-16  0.0  
3.109999999999945  -1.2311115668572903E-16  0.0  
3.1124999999999448  -1.2311115668572903E-16  0.0  
3.1149999999999447  -1.2311115668572903E-16  0.0  
3.1174999999999446  -1.2311115668572903E-16  0.0  
3.1199999999999446  -1.2311115668572903E-16  0.0  
3.1224999999999445  -1.2311115668572903E-16  0.0  
3.1249999999999445  -1.2311115668572903E-16  0.0  
3.1274999999999444  -1.2311115668572903E-16  0.0  
3.1299999999999444  -1.2311115668572903E-16  0.0  
3.1324999999999443  -1.2311115668572903E-16  0.0  
3.1349999999999443  -1.2311115668572903E-16  0.0  
3.1374999999999442  -1.2311115668572903E-16  0.0  
3.139999999999944  -1.2311115668572903E-16  0.0  
3.142499999999944  -1.2311115668572903E-16  0.0  
3.144999999999944  -1.2311115668572903E-16  0.0  
3.147499999999944  -1.2311115668572903E-16  0.0  
3.149999999999944  -1.2311115668572903E-16  0.0  
3.152499999999944  -1.2311115668572903E-16  0.0  
3.154999999999944  -1.2311115668572903E-16  0.0  
3.157499999999944  -1.2311115668572903E-16  0.0  
3.1599999999999437  -1.2311115668572903E-16  0.0  
3.1624999999999437  -1.2311115668572903E-16  0.0  
3.1649999999999436  -1.2311115668572903E-16  0.0  
3.1674999999999436  -1.2311115668572903E-16  0.0  
3.1699999999999435  -1.2311115668572903E-16  0.0  
3.1724999999999435  -1.2311115668572903E-16  0.0  
3.1749999999999434  -1.2311115668572903E-16  0.0  
3.1774999999999434  -1.2311115668572903E-16  0.0  
3.1799999999999433  -1.2311115668572903E-16  0.0  
3.1824999999999433  -1.2311115668572903E-16  0.0  
3.184999999999943  -1.2311115668572903E-16  0.0  
3.187499999999943  -1.2311115668572903E-16  0.0  
3.189999999999943  -1.2311115668572903E-16  0.0  
3.192499999999943  -1.2311115668572903E-16  0.0  
3.194999999999943  -1.2311115668572903E-16  0.0  
3.197499999999943  -1.2311115668572903E-16  0.0  
3.199999999999943  -1.2311115668572903E-16  0.0  
3.202499999999943  -1.2311115668572903E-16  0.0  
3.204999999999943  -1.2311115668572903E-16  0.0  
3.2074999999999427  -1.2311115668572903E-16  0.0  
3.2099999999999427  -1.2311115668572903E-16  0.0  
3.2124999999999426  -1.2311115668572903E-16  0.0  
3.2149999999999426  -1.2311115668572903E-16  0.0  
3.2174999999999425  -1.2311115668572903E-16  0.0  
3.2199999999999425  -1.2311115668572903E-16  0.0  
3.2224999999999424  -1.2311115668572903E-16  0.0  
3.2249999999999424  -1.2311115668572903E-16  0.0  
3.2274999999999423  -1.2311115668572903E-16  0.0  
3.2299999999999423  -1.2311115668572903E-16  0.0  
3.232499999999942  -1.2311115668572903E-16  0.0  
3.234999999999942  -1.2311115668572903E-16  0.0  
3.237499999999942  -1.2311115668572903E-16  0.0  
3.239999999999942  -1.2311115668572903E-16  0.0  
3.242499999999942  -1.2311115668572903E-16  0.0  
3.244999999999942  -1.2311115668572903E-16  0.0  
3.247499999999942  -1.2311115668572903E-16  0.0  
3.249999999999942  -1.2311115668572903E-16  0.0  
3.2524999999999418  -1.2311115668572903E-16  0.0  
3.2549999999999417  -1.2311115668572903E-16  0.0  
3.2574999999999417  -1.2311115668572903E-16  0.0  
3.2599999999999416  -1.2311115668572903E-16  0.0  
3.2624999999999416  -1.2311115668572903E-16  0.0  
3.2649999999999415  -1.2311115668572903E-16  0.0  
3.2674999999999415  -1.2311115668572903E-16  0.0  
3.2699999999999414  -1.2311115668572903E-16  0.0  
3.2724999999999413  -1.2311115668572903E-16  0.0  
3.2749999999999413  -1.2311115668572903E-16  0.0  
3.2774999999999412  -1.2311115668572903E-16  0.0  
3.279999999999941  -1.2311115668572903E-16  0.0  
3.282499999999941  -1.2311115668572903E-16  0.0  
3.284999999999941  -1.2311115668572903E-16  0.0  
3.287499999999941  -1.2311115668572903E-16  0.0  
3.289999999999941  -1.2311115668572903E-16  0.0  
3.292499999999941  -1.2311115668572903E-16  0.0  
3.294999999999941  -1.2311115668572903E-16  0.0  
3.297499999999941  -1.2311115668572903E-16  0.0  
3.2999999999999408  -1.2311115668572903E-16  0.0  
3.3024999999999407  -1.2311115668572903E-16  0.0  
3.3049999999999407  -1.2311115668572903E-16  0.0  
3.3074999999999406  -1.2311115668572903E-16  0.0  
3.3099999999999405  -1.2311115668572903E-16  0.0  
3.3124999999999405  -1.2311115668572903E-16  0.0  
3.3149999999999404  -1.2311115668572903E-16  0.0  
3.3174999999999404  -1.2311115668572903E-16  0.0  
3.3199999999999403  -1.2311115668572903E-16  0.0  
3.3224999999999403  -1.2311115668572903E-16  0.0  
3.3249999999999402  -1.2311115668572903E-16  0.0  
3.32749999999994  -1.2311115668572903E-16  0.0  
3.32999999999994  -1.2311115668572903E-16  0.0  
3.33249999999994  -1.2311115668572903E-16  0.0  
3.33499999999994  -1.2311115668572903E-16  0.0  
3.33749999999994  -1.2311115668572903E-16  0.0  
3.33999999999994  -1.2311115668572903E-16  0.0  
3.34249999999994  -1.2311115668572903E-16  0.0  
3.34499999999994  -1.2311115668572903E-16  0.0  
3.3474999999999397  -1.2311115668572903E-16  0.0  
3.3499999999999397  -1.2311115668572903E-16  0.0  
3.3524999999999396  -1.2311115668572903E-16  0.0  
3.3549999999999396  -1.2311115668572903E-16  0.0  
3.3574999999999395  -1.2311115668572903E-16  0.0  
3.3599999999999395  -1.2311115668572903E-16  0.0  
3.3624999999999394  -1.2311115668572903E-16  0.0  
3.3649999999999394  -1.2311115668572903E-16  0.0  
3.3674999999999393  -1.2311115668572903E-16  0.0  
3.3699999999999393  -1.2311115668572903E-16  0.0  
3.372499999999939  -1.2311115668572903E-16  0.0  
3.374999999999939  -1.2311115668572903E-16  0.0  
3.377499999999939  -1.2311115668572903E-16  0.0  
3.379999999999939  -1.2311115668572903E-16  0.0  
3.382499999999939  -1.2311115668572903E-16  0.0  
3.384999999999939  -1.2311115668572903E-16  0.0  
3.387499999999939  -1.2311115668572903E-16  0.0  
3.389999999999939  -1.2311115668572903E-16  0.0  
3.392499999999939  -1.2311115668572903E-16  0.0  
3.3949999999999387  -1.2311115668572903E-16  0.0  
3.3974999999999387  -1.2311115668572903E-16  0.0  
3.3999999999999386  -1.2311115668572903E-16  0.0  
3.4024999999999386  -1.2311115668572903E-16  0.0  
3.4049999999999385  -1.2311115668572903E-16  0.0  
3.4074999999999385  -1.2311115668572903E-16  0.0  
3.4099999999999384  -1.2311115668572903E-16  0.0  
3.4124999999999384  -1.2311115668572903E-16  0.0  
3.4149999999999383  -1.2311115668572903E-16  0.0  
3.4174999999999383  -1.2311115668572903E-16  0.0  
3.419999999999938  -1.2311115668572903E-16  0.0  
3.422499999999938  -1.2311115668572903E-16  0.0  
3.424999999999938  -1.2311115668572903E-16  0.0  
3.427499999999938  -1.2311115668572903E-16  0.0  
3.429999999999938  -1.2311115668572903E-16  0.0  
3.432499999999938  -1.2311115668572903E-16  0.0  
3.434999999999938  -1.2311115668572903E-16  0.0  
3.437499999999938  -1.2311115668572903E-16  0.0  
3.4399999999999378  -1.2311115668572903E-16  0.0  
3.4424999999999377  -1.2311115668572903E-16  0.0  
3.4449999999999377  -1.2311115668572903E-16  0.0  
3.4474999999999376  -1.2311115668572903E-16  0.0  
3.4499999999999376  -1.2311115668572903E-16  0.0  
3.4524999999999375  -1.2311115668572903E-16  0.0  
3.4549999999999375  -1.2311115668572903E-16  0.0  
3.4574999999999374  -1.2311115668572903E-16  0.0  
3.4599999999999373  -1.2311115668572903E-16  0.0  
3.4624999999999373  -1.2311115668572903E-16  0.0  
3.4649999999999372  -1.2311115668572903E-16  0.0  
3.467499999999937  -1.2311115668572903E-16  0.0  
3.469999999999937  -1.2311115668572903E-16  0.0  
3.472499999999937  -1.2311115668572903E-16  0.0  
3.474999999999937  -1.2311115668572903E-16  0.0  
3.477499999999937  -1.2311115668572903E-16  0.0  
3.479999999999937  -1.2311115668572903E-16  0.0  
3.482499999999937  -1.2311115668572903E-16  0.0  
3.484999999999937  -1.2311115668572903E-16  0.0  
3.4874999999999368  -1.2311115668572903E-16  0.0  
3.4899999999999367  -1.2311115668572903E-16  0.0  
3.4924999999999367  -1.2311115668572903E-16  0.0  
3.4949999999999366  -1.2311115668572903E-16  0.0  
3.4974999999999365  -1.2311115668572903E-16  0.0  
3.4999999999999365  -1.2311115668572903E-16  0.0  
3.5024999999999364  -1.2311115668572903E-16  0.0  
3.5049999999999364  -1.2311115668572903E-16  0.0  
3.5074999999999363  -1.2311115668572903E-16  0.0  
3.5099999999999363  -1.2311115668572903E-16  0.0  
3.5124999999999362  -1.2311115668572903E-16  0.0  
3.514999999999936  -1.2311115668572903E-16  0.0  
3.517499999999936  -1.2311115668572903E-16  0.0  
3.519999999999936  -1.2311115668572903E-16  0.0  
3.522499999999936  -1.2311115668572903E-16  0.0  
3.524999999999936  -1.2311115668572903E-16  0.0  
3.527499999999936  -1.2311115668572903E-16  0.0  
3.529999999999936  -1.2311115668572903E-16  0.0  
3.532499999999936  -1.2311115668572903E-16  0.0  
3.5349999999999357  -1.2311115668572903E-16  0.0  
3.5374999999999357  -1.2311115668572903E-16  0.0  
3.5399999999999356  -1.2311115668572903E-16  0.0  
3.5424999999999356  -1.2311115668572903E-16  0.0  
3.5449999999999355  -1.2311115668572903E-16  0.0  
3.5474999999999355  -1.2311115668572903E-16  0.0  
3.5499999999999354  -1.2311115668572903E-16  0.0  
3.5524999999999354  -1.2311115668572903E-16  0.0  
3.5549999999999353  -1.2311115668572903E-16  0.0  
3.5574999999999353  -1.2311115668572903E-16  0.0  
3.559999999999935  -1.2311115668572903E-16  0.0  
3.562499999999935  -1.2311115668572903E-16  0.0  
3.564999999999935  -1.2311115668572903E-16  0.0  
3.567499999999935  -1.2311115668572903E-16  0.0  
3.569999999999935  -1.2311115668572903E-16  0.0  
3.572499999999935  -1.2311115668572903E-16  0.0  
3.574999999999935  -1.2311115668572903E-16  0.0  
3.577499999999935  -1.2311115668572903E-16  0.0  
3.579999999999935  -1.2311115668572903E-16  0.0  
3.5824999999999347  -1.2311115668572903E-16  0.0  
3.5849999999999347  -1.2311115668572903E-16  0.0  
3.5874999999999346  -1.2311115668572903E-16  0.0  
3.5899999999999346  -1.2311115668572903E-16  0.0  
3.5924999999999345  -1.2311115668572903E-16  0.0  
3.5949999999999345  -1.2311115668572903E-16  0.0  
3.5974999999999344  -1.2311115668572903E-16  0.0  
3.5999999999999344  -1.2311115668572903E-16  0.0  
3.6024999999999343  -1.2311115668572903E-16  0.0  
3.6049999999999343  -1.2311115668572903E-16  0.0  
3.607499999999934  -1.2311115668572903E-16  0.0  
3.609999999999934  -1.2311115668572903E-16  0.0  
3.612499999999934  -1.2311115668572903E-16  0.0  
3.614999999999934  -1.2311115668572903E-16  0.0  
3.617499999999934  -1.2311115668572903E-16  0.0  
3.619999999999934  -1.2311115668572903E-16  0.0  
3.622499999999934  -1.2311115668572903E-16  0.0  
3.624999999999934  -1.2311115668572903E-16  0.0  
3.6274999999999338  -1.2311115668572903E-16  0.0  
3.6299999999999337  -1.2311115668572903E-16  0.0  
3.6324999999999337  -1.2311115668572903E-16  0.0  
3.6349999999999336  -1.2311115668572903E-16  0.0  
3.6374999999999336  -1.2311115668572903E-16  0.0  
3.6399999999999335  -1.2311115668572903E-16  0.0  
3.6424999999999335  -1.2311115668572903E-16  0.0  
3.6449999999999334  -1.2311115668572903E-16  0.0  
3.6474999999999334  -1.2311115668572903E-16  0.0  
3.6499999999999333  -1.2311115668572903E-16  0.0  
3.6524999999999332  -1.2311115668572903E-16  0.0  
3.654999999999933  -1.2311115668572903E-16  0.0  
3.657499999999933  -1.2311115668572903E-16  0.0  
3.659999999999933  -1.2311115668572903E-16  0.0  
3.662499999999933  -1.2311115668572903E-16  0.0  
3.664999999999933  -1.2311115668572903E-16  0.0  
3.667499999999933  -1.2311115668572903E-16  0.0  
3.669999999999933  -1.2311115668572903E-16  0.0  
3.672499999999933  -1.2311115668572903E-16  0.0  
3.6749999999999328  -1.2311115668572903E-16  0.0  
3.6774999999999327  -1.2311115668572903E-16  0.0  
3.6799999999999327  -1.2311115668572903E-16  0.0  
3.6824999999999326  -1.2311115668572903E-16  0.0  
3.6849999999999326  -1.2311115668572903E-16  0.0  
3.6874999999999325  -1.2311115668572903E-16  0.0  
3.6899999999999324  -1.2311115668572903E-16  0.0  
3.6924999999999324  -1.2311115668572903E-16  0.0  
3.6949999999999323  -1.2311115668572903E-16  0.0  
3.6974999999999323  -1.2311115668572903E-16  0.0  
3.6999999999999322  -1.2311115668572903E-16  0.0  
3.702499999999932  -1.2311115668572903E-16  0.0  
3.704999999999932  -1.2311115668572903E-16  0.0  
3.707499999999932  -1.2311115668572903E-16  0.0  
3.709999999999932  -1.2311115668572903E-16  0.0  
3.712499999999932  -1.2311115668572903E-16  0.0  
3.714999999999932  -1.2311115668572903E-16  0.0  
3.717499999999932  -1.2311115668572903E-16  0.0  
3.719999999999932  -1.2311115668572903E-16  0.0  
3.7224999999999318  -1.2311115668572903E-16  0.0  
3.7249999999999317  -1.2311115668572903E-16  0.0  
3.7274999999999316  -1.2311115668572903E-16  0.0  
3.7299999999999316  -1.2311115668572903E-16  0.0  
3.7324999999999315  -1.2311115668572903E-16  0.0  
3.7349999999999315  -1.2311115668572903E-16  0.0  
3.7374999999999314  -1.2311115668572903E-16  0.0  
3.7399999999999314  -1.2311115668572903E-16  0.0  
3.7424999999999313  -1.2311115668572903E-16  0.0  
3.7449999999999313  -1.2311115668572903E-16  0.0  
3.747499999999931  -1.2311115668572903E-16  0.0  
3.749999999999931  -1.2311115668572903E-16  0.0  
3.752499999999931  -1.2311115668572903E-16  0.0  
3.754999999999931  -1.2311115668572903E-16  0.0  
3.757499999999931  -1.2311115668572903E-16  0.0  
3.759999999999931  -1.2311115668572903E-16  0.0  
3.762499999999931  -1.2311115668572903E-16  0.0  
3.764999999999931  -1.2311115668572903E-16  0.0  
3.767499999999931  -1.2311115668572903E-16  0.0  
3.7699999999999307  -1.2311115668572903E-16  0.0  
3.7724999999999307  -1.2311115668572903E-16  0.0  
3.7749999999999306  -1.2311115668572903E-16  0.0  
3.7774999999999306  -1.2311115668572903E-16  0.0  
3.7799999999999305  -1.2311115668572903E-16  0.0  
3.7824999999999305  -1.2311115668572903E-16  0.0  
3.7849999999999304  -1.2311115668572903E-16  0.0  
3.7874999999999304  -1.2311115668572903E-16  0.0  
3.7899999999999303  -1.2311115668572903E-16  0.0  
3.7924999999999303  -1.2311115668572903E-16  0.0  
3.79499999999993  -1.2311115668572903E-16  0.0  
3.79749999999993  -1.2311115668572903E-16  0.0  
3.79999999999993  -1.2311115668572903E-16  0.0  
3.80249999999993  -1.2311115668572903E-16  0.0  
3.80499999999993  -1.2311115668572903E-16  0.0  
3.80749999999993  -1.2311115668572903E-16  0.0  
3.80999999999993  -1.2311115668572903E-16  0.0  
3.81249999999993  -1.2311115668572903E-16  0.0  
3.81499999999993  -1.2311115668572903E-16  0.0  
3.8174999999999297  -1.2311115668572903E-16  0.0  
3.8199999999999297  -1.2311115668572903E-16  0.0  
3.8224999999999296  -1.2311115668572903E-16  0.0  
3.8249999999999296  -1.2311115668572903E-16  0.0  
3.8274999999999295  -1.2311115668572903E-16  0.0  
3.8299999999999295  -1.2311115668572903E-16  0.0  
3.8324999999999294  -1.2311115668572903E-16  0.0  
3.8349999999999294  -1.2311115668572903E-16  0.0  
3.8374999999999293  -1.2311115668572903E-16  0.0  
3.8399999999999292  -1.2311115668572903E-16  0.0  
3.842499999999929  -1.2311115668572903E-16  0.0  
3.844999999999929  -1.2311115668572903E-16  0.0  
3.847499999999929  -1.2311115668572903E-16  0.0  
3.849999999999929  -1.2311115668572903E-16  0.0  
3.852499999999929  -1.2311115668572903E-16  0.0  
3.854999999999929  -1.2311115668572903E-16  0.0  
3.857499999999929  -1.2311115668572903E-16  0.0  
3.859999999999929  -1.2311115668572903E-16  0.0  
3.8624999999999288  -1.2311115668572903E-16  0.0  
3.8649999999999287  -1.2311115668572903E-16  0.0  
3.8674999999999287  -1.2311115668572903E-16  0.0  
3.8699999999999286  -1.2311115668572903E-16  0.0  
3.8724999999999286  -1.2311115668572903E-16  0.0  
3.8749999999999285  -1.2311115668572903E-16  0.0  
3.8774999999999284  -1.2311115668572903E-16  0.0  
3.8799999999999284  -1.2311115668572903E-16  0.0  
3.8824999999999283  -1.2311115668572903E-16  0.0  
3.8849999999999283  -1.2311115668572903E-16  0.0  
3.8874999999999282  -1.2311115668572903E-16  0.0  
3.889999999999928  -1.2311115668572903E-16  0.0  
3.892499999999928  -1.2311115668572903E-16  0.0  
3.894999999999928  -1.2311115668572903E-16  0.0  
3.897499999999928  -1.2311115668572903E-16  0.0  
3.899999999999928  -1.2311115668572903E-16  0.0  
3.902499999999928  -1.2311115668572903E-16  0.0  
3.904999999999928  -1.2311115668572903E-16  0.0  
3.907499999999928  -1.2311115668572903E-16  0.0  
3.9099999999999278  -1.2311115668572903E-16  0.0  
3.9124999999999277  -1.2311115668572903E-16  0.0  
3.9149999999999276  -1.2311115668572903E-16  0.0  
3.9174999999999276  -1.2311115668572903E-16  0.0  
3.9199999999999275  -1.2311115668572903E-16  0.0  
3.9224999999999275  -1.2311115668572903E-16  0.0  
3.9249999999999274  -1.2311115668572903E-16  0.0  
3.9274999999999274  -1.2311115668572903E-16  0.0  
3.9299999999999273  -1.2311115668572903E-16  0.0  
3.9324999999999273  -1.2311115668572903E-16  0.0  
3.9349999999999272  -1.2311115668572903E-16  0.0  
3.937499999999927  -1.2311115668572903E-16  0.0  
3.939999999999927  -1.2311115668572903E-16  0.0  
3.942499999999927  -1.2311115668572903E-16  0.0  
3.944999999999927  -1.2311115668572903E-16  0.0  
3.947499999999927  -1.2311115668572903E-16  0.0  
3.949999999999927  -1.2311115668572903E-16  0.0  
3.952499999999927  -1.2311115668572903E-16  0.0  
3.954999999999927  -1.2311115668572903E-16  0.0  
3.9574999999999267  -1.2311115668572903E-16  0.0  
3.9599999999999267  -1.2311115668572903E-16  0.0  
3.9624999999999266  -1.2311115668572903E-16  0.0  
3.9649999999999266  -1.2311115668572903E-16  0.0  
3.9674999999999265  -1.2311115668572903E-16  0.0  
3.9699999999999265  -1.2311115668572903E-16  0.0  
3.9724999999999264  -1.2311115668572903E-16  0.0  
3.9749999999999264  -1.2311115668572903E-16  0.0  
3.9774999999999263  -1.2311115668572903E-16  0.0  
3.9799999999999263  -1.2311115668572903E-16  0.0  
3.982499999999926  -1.2311115668572903E-16  0.0  
3.984999999999926  -1.2311115668572903E-16  0.0  
3.987499999999926  -1.2311115668572903E-16  0.0  
3.989999999999926  -1.2311115668572903E-16  0.0  
3.992499999999926  -1.2311115668572903E-16  0.0  
3.994999999999926  -1.2311115668572903E-16  0.0  
3.997499999999926  -1.2311115668572903E-16  0.0  
3.999999999999926  -1.2311115668572903E-16  0.0  
